200
0 1.0598388278741362e-08 780.8 4.950933163315425e-10 -8.976522356645563e-06
1 1.1891587234605432e-08 780.8 4.951925605257647e-10 -1.957295224621126e-05
2 1.3342580328168952e-08 780.8 4.976324144048067e-10 -4.0256699250424994e-05
3 1.497062135621191e-08 780.8 5.054629741192088e-10 -7.974335667802415e-05
4 1.6797313434036843e-08 780.8 5.211989870931198e-10 -0.0001532042277837345
5 1.884689565568362e-08 780.8 5.491088724626514e-10 -0.0002852240838244343
6 2.1146564731980552e-08 780.8 5.993679677526273e-10 -0.0005157051654392415
7 2.3726835874373224e-08 780.8 6.859955584472463e-10 -0.0009062068387654848
8 2.6621947713240617e-08 780.8 8.299356032074657e-10 -0.001550392245553135
9 2.987031662371789e-08 780.8 1.0605135789705255e-09 -0.00258032542229128
10 3.3515046487654186e-08 780.8 1.4174436633464483e-09 -0.00417717928712303
11 3.760450065593623e-08 780.8 1.953361844474105e-09 -0.006585018106124075
12 4.219294370077074e-08 780.8 2.732368779073568e-09 -0.010107838106107245
13 4.7341261473588536e-08 780.8 3.831064887162458e-09 -0.015118826827860041
14 5.311776902330091e-08 780.8 5.3462201370896415e-09 -0.02209665155680936
15 5.959911709549277e-08 780.8 7.370087804149292e-09 -0.03152990686549916
16 6.687130924124655e-08 780.8 9.965051194253644e-09 -0.04380117419928186
17 7.503084303201205e-08 780.8 1.3226019962051882e-08 -0.05945610293291907
18 8.418599052375152e-08 780.8 1.7211090620068606e-08 -0.07890386701846394
19 9.445823496133942e-08 780.8 2.194588504759222e-08 -0.10242540294796737
20 1.0598388278741362e-07 780.8 2.7434249569950956e-08 -0.1302678250679655
21 1.1891587234605436e-07 780.8 3.364741546363384e-08 -0.16253637548231661
22 1.3342580328168943e-07 780.8 4.0480572357831364e-08 -0.19896892119396475
23 1.4970621356211916e-07 780.8 4.784848709960083e-08 -0.23943486652962348
24 1.679731343403686e-07 780.8 5.556527688014463e-08 -0.2833466016646238
25 1.8846895655683643e-07 780.8 6.32028512278368e-08 -0.32890572551778013
26 2.1146564731980535e-07 780.8 7.062505174997783e-08 -0.3758188996715579
27 2.3726835874373202e-07 780.8 7.757588581801568e-08 -0.4232571419736929
28 2.662194771324062e-07 780.8 8.37522560544512e-08 -0.47011138918976775
29 2.9870316623717906e-07 780.8 8.890866880308081e-08 -0.5155295423425752
30 3.351504648765425e-07 780.8 9.28390635891543e-08 -0.5586983742950209
31 3.760450065593624e-07 780.8 9.541146415964883e-08 -0.5990987487128456
32 4.2192943700770767e-07 780.8 9.655228834479346e-08 -0.6357197746524698
33 4.734126147358854e-07 780.8 9.631494856724166e-08 -0.6682465907707187
34 5.311776902330089e-07 780.8 9.484812077246319e-08 -0.6964034509392456
35 5.959911709549286e-07 780.8 9.249189976393012e-08 -0.7209250056649432
36 6.687130924124662e-07 780.8 8.954710543826189e-08 -0.7420936545442731
37 7.503084303201209e-07 780.8 8.597113938529245e-08 -0.7569367837257984
38 8.418599052375149e-07 780.8 8.245889312497089e-08 -0.7687738777977521
39 9.44582349613394e-07 780.8 7.928952489132571e-08 -0.7782106677055499
40 1.0598388278741369e-06 780.8 7.638773367481084e-08 -0.7829787758073249
41 1.189158723460544e-06 780.8 7.41009172780753e-08 -0.785939706879973
42 1.3342580328168946e-06 780.8 7.216655110121195e-08 -0.7847699357862643
43 1.4970621356211894e-06 780.8 7.074710392510268e-08 -0.7824084342272873
44 1.6797313434036835e-06 780.8 6.944830294929763e-08 -0.7762195534222829
45 1.8846895655683624e-06 780.8 6.846362908486671e-08 -0.7701468209040034
46 2.114656473198054e-06 780.8 6.739944824150134e-08 -0.7612800025680114
47 2.372683587437324e-06 780.8 6.613648324407989e-08 -0.7493607597447863
48 2.662194771324063e-06 780.8 6.49675465769273e-08 -0.7383603205493156
49 2.9870316623717897e-06 780.8 6.363314787564891e-08 -0.725653378353477
50 3.3515046487654246e-06 780.8 6.209821175854641e-08 -0.710887836063803
51 3.7604500655936247e-06 780.8 6.070909356964281e-08 -0.6979965330415441
52 4.219294370077079e-06 780.8 5.93006137236624e-08 -0.685004068253962
53 4.734126147358854e-06 780.8 5.7901620183077995e-08 -0.6721414862698326
54 5.311776902330092e-06 780.8 5.653205560030292e-08 -0.6595459989460536
55 5.9599117095492826e-06 780.8 5.520419576790633e-08 -0.6473026427617851
56 6.687130924124654e-06 780.8 5.387494773147232e-08 -0.6348833973459505
57 7.503084303201217e-06 780.8 5.247057793271454e-08 -0.621421163388116
58 8.418599052375149e-06 780.8 5.127029009398323e-08 -0.6102555117289333
59 9.445823496133936e-06 780.8 5.009270110141926e-08 -0.599300684921043
60 1.059838827874136e-05 780.8 4.892859520253317e-08 -0.5884860579550932
61 1.1891587234605442e-05 780.8 4.7768619756941256e-08 -0.5777180015404273
62 1.3342580328168943e-05 780.8 4.660988371711442e-08 -0.566954864204738
63 1.4970621356211902e-05 780.8 4.5453124139272264e-08 -0.5561607478266386
64 1.6797313434036858e-05 780.8 4.430019476662924e-08 -0.5453052266458744
65 1.884689565568364e-05 780.8 4.315692873359167e-08 -0.5343791927927053
66 2.1146564731980553e-05 780.8 4.202942507096594e-08 -0.5233716208197403
67 2.3726835874373233e-05 780.8 4.092465038001069e-08 -0.5122798509268762
68 2.6621947713240622e-05 780.8 3.985002411360672e-08 -0.5011083894461895
69 2.9870316623717916e-05 780.8 3.8808839944856616e-08 -0.4898278511153064
70 3.351504648765423e-05 780.8 3.780398507474324e-08 -0.47841198723822714
71 3.7604500655936265e-05 780.8 3.683561654959068e-08 -0.4668168171099319
72 4.219294370077077e-05 780.8 3.5900925927086836e-08 -0.4549949006474472
73 4.734126147358859e-05 780.8 3.4993069052573204e-08 -0.44287339138175064
74 5.311776902330094e-05 780.8 3.410528480987007e-08 -0.4303999529127527
75 5.959911709549279e-05 780.8120710707707 3.3228731650497245e-08 -0.41776215170664366
76 6.687130924124665e-05 780.9 3.23591490588416e-08 -0.40493401607076857
77 7.503084303201212e-05 780.9 3.1469301032486e-08 -0.3913331933131909
78 8.418599052375145e-05 780.9 3.055838184421924e-08 -0.37715333131616313
79 9.44582349613394e-05 780.9 2.9619107636936953e-08 -0.36253133517790564
80 0.0001059838827874137 780.9 2.8644558193595264e-08 -0.3474443460812643
81 0.00011891587234605433 780.9091380024031 2.7631817981898423e-08 -0.3320995516088095
82 0.00013342580328168954 781.0 2.6583582092839394e-08 -0.31652763910140375
83 0.00014970621356211913 781.0 2.5482127824258915e-08 -0.300246311097183
84 0.0001679731343403685 781.007711442845 2.433526422575073e-08 -0.28361694887388245
85 0.00018846895655683633 781.1 2.3149061171954548e-08 -0.26682583211497785
86 0.0002114656473198053 781.1068702230343 2.1910813571423167e-08 -0.24961207779204436
87 0.0002372683587437322 781.2 2.0636222218675487e-08 -0.23218060715432828
88 0.0002662194771324061 781.2059243121371 1.9318886864406773e-08 -0.2144468080434018
89 0.0002987031662371793 781.3055032039482 1.7978017939582255e-08 -0.19676372143580836
90 0.00033515046487654214 781.4100267231127 1.6617956059644576e-08 -0.17926121241255738
91 0.0003760450065593628 781.6044553519812 1.525376800604748e-08 -0.16193285728631387
92 0.0004219294370077082 781.7078813087678 1.3890707310517632e-08 -0.14467618721733394
93 0.00047341261473588593 781.90696406483 1.2552417284384395e-08 -0.12784972431949798
94 0.0005311776902330096 782.1091418654839 1.1250357410592815e-08 -0.11164648284071402
95 0.0005959911709549284 782.4077825965223 1.0004340362786917e-08 -0.09622649962297608
96 0.0006687130924124669 782.7083769800121 8.827223610544776e-09 -0.08167614661132724
97 0.0007503084303201216 783.1065655291409 7.737458850452423e-09 -0.06812944308647531
98 0.0008418599052375149 783.5067501759701 6.747303693646386e-09 -0.05574775409996528
99 0.0009445823496133941 784.1040396709814 5.8719618605292985e-09 -0.04470698859498313
100 0.0010598388278741382 784.699167785925 5.114582144675051e-09 -0.03492588414832108
101 0.0011891587234605452 785.4948229136033 4.480706538115571e-09 -0.026570948361832353
102 0.001334258032816897 786.4948829849441 3.965993648019036e-09 -0.019610081624431567
103 0.0014970621356211922 787.5870021291665 3.560211886228984e-09 -0.013810379087013576
104 0.0016797313434036842 788.9751297867672 3.2519262044950967e-09 -0.009150407511885391
105 0.0018846895655683636 790.5589531638135 3.0238421316144576e-09 -0.00543132266133676
106 0.0021146564731980557 792.4478238055251 2.8589306880900236e-09 -0.0024505247936137337
107 0.002372683587437325 794.8143318385041 2.740655913691802e-09 -0.0005458733919084705
108 0.002662194771324063 797.490842063613 2.654274948104132e-09 0.0007252307334618688
109 0.0029870316623717918 800.8448404026344 2.5887021054725304e-09 0.0014280915218762458
110 0.0033515046487654263 804.7039894841988 2.533910695210737e-09 0.001746499268857123
111 0.003760450065593632 809.1542985355238 2.4844099031818297e-09 0.001960967593084552
112 0.004219294370077078 814.1851640589099 2.436493963223283e-09 0.00208582547750444
113 0.0047341261473588594 820.0050753731617 2.3886262691289374e-09 0.0020993363167551423
114 0.005311776902330097 826.5236368468011 2.338679475336388e-09 0.0020519172980999903
115 0.005959911709549282 833.9273442402738 2.286058118516771e-09 0.0019743268913795047
116 0.006687130924124662 842.1154290924588 2.2288020050095185e-09 0.0018667580780295386
117 0.007503084303201218 851.2912745100016 2.1663261057412103e-09 0.001733125382089418
118 0.00841859905237515 861.2715289870711 2.0966190891560463e-09 0.0015989057586143713
119 0.009445823496133942 872.3038535983718 2.01937937066109e-09 0.0014364440716866027
120 0.010598388278741376 884.2444523658453 1.9333032945645136e-09 0.0012085178068229963
121 0.01189158723460545 897.3053064861008 1.8395692806413814e-09 0.0009083547056400496
122 0.01334258032816896 911.2049882616096 1.7385326944554756e-09 0.0006023334504442531
123 0.014970621356211926 925.9983857489029 1.6320020873051268e-09 0.00030028597424686934
124 0.01679731343403685 941.8858851010716 1.521682018985935e-09 -9.21607258232877e-05
125 0.018846895655683645 958.6785771036468 1.407754032472318e-09 -0.0005326294977037685
126 0.021146564731980566 976.4889594767735 1.3112976270133997e-09 -0.0010565884320810986
127 0.023726835874373235 995.1901893633666 1.1727423700342712e-09 -0.001384434112695986
128 0.026621947713240626 1014.9077548191933 1.047643840728038e-09 -0.001825534234593301
129 0.02987031662371793 1035.5544028420798 9.341646193911846e-10 -0.0023307635275082346
130 0.033515046487654215 1057.215193032158 8.319621406728739e-10 -0.0028827618948785677
131 0.037604500655936304 1079.854082540895 7.401479100580181e-10 -0.003470969913806317
132 0.04219294370077081 1103.448586052856 6.572943716355226e-10 -0.004056745235098508
133 0.047341261473588574 1127.9706422286522 5.818042359905487e-10 -0.004600779998840243
134 0.053117769023300954 1153.293055235896 5.122110670767272e-10 -0.005042154803408949
135 0.059599117095492836 1179.3434909053406 4.473716825075386e-10 -0.005348459649163284
136 0.06687130924124662 1206.0739074415092 3.874214530198559e-10 -0.005553156898667243
137 0.0750308430320121 1233.2650058634565 3.3371828056885516e-10 -0.005706738451302613
138 0.0841859905237515 1260.5249085479566 2.873005123368016e-10 -0.005843146675571691
139 0.09445823496133936 1287.2898387276416 2.474641571791488e-10 -0.0059716752046628345
140 0.10598388278741365 1312.9831508110965 2.123806257733018e-10 -0.006088239124402729
141 0.1189158723460546 1336.7016099923064 1.8047323630821435e-10 -0.0061092729651709785
142 0.13342580328168963 1357.312576397464 1.5100984872833997e-10 -0.005904591073821239
143 0.14970621356211924 1374.161042933767 1.240013264312245e-10 -0.005421910085006934
144 0.16797313434036862 1386.4130379918606 9.982185994184247e-11 -0.004712875991817834
145 0.18846895655683643 1393.980958181016 7.889334894450161e-11 -0.0038078446067503634
146 0.2114656473198057 1397.2532062799812 6.145747750887984e-11 -0.00277857215566921
147 0.23726835874373234 1397.4967164098687 4.7546999427147886e-11 -0.00183615863542066
148 0.266219477132406 1396.1949443674966 3.696719938710286e-11 -0.0011189458926479184
149 0.2987031662371792 1394.6793229358402 2.9305679726876246e-11 -0.0006344302445501417
150 0.33515046487654226 1394.003443343485 2.4006780954496535e-11 -0.00033843897833240835
151 0.3760450065593626 1394.9308039996006 2.0449619261484443e-11 -0.00017788727791271798
152 0.42192943700770824 1398.0783549606165 1.8035656302931854e-11 -0.00011991487991154456
153 0.4734126147358859 1403.6031559355063 1.6256738525004667e-11 -0.00012853991022065262
154 0.5311776902330093 1411.2108023357375 1.4754582859907687e-11 -0.00016047769073175404
155 0.5959911709549288 1420.584860006753 1.3327563451909388e-11 -0.00020205602763847895
156 0.6687130924124671 1431.1401683085548 1.1877257882664588e-11 -0.00024407212037097094
157 0.750308430320121 1442.0543416000157 1.0375010607049052e-11 -0.0002662415889670386
158 0.8418599052375154 1452.7188748214267 8.850625032518137e-12 -0.0002642495975709245
159 0.9445823496133939 1462.7828984177377 7.37366766555439e-12 -0.000245063444824835
160 1.0598388278741377 1471.9415810515416 6.0278655575135405e-12 -0.00021100660050429271
161 1.1891587234605436 1480.0929919654689 4.8781648405398825e-12 -0.000166198708527524
162 1.334258032816894 1487.40815915894 3.9435428792473895e-12 -0.00012031234309969428
163 1.497062135621193 1494.1544976041412 3.1967893152135193e-12 -8.038679493935547e-05
164 1.6797313434036876 1500.5800031297572 2.584097209968065e-12 -4.8014095784255125e-05
165 1.8846895655683653 1507.0903809049353 2.0545164024097596e-12 -2.419644475087492e-05
166 2.114656473198053 1514.125801059774 1.581257955029673e-12 -8.964926065657392e-06
167 2.372683587437319 1522.096822720272 1.1645914940627807e-12 -1.4570922061446204e-06
168 2.6621947713240655 1531.3016201385544 8.168497700987825e-13 1.5139797810542212e-06
169 2.9870316623717934 1542.0440027971717 5.39941363301975e-13 3.071992146943086e-06
170 3.351504648765427 1554.7281174759403 3.287087730545102e-13 3.0841876541629424e-06
171 3.7604500655936266 1569.5573972659345 1.7783903390517222e-13 2.993641843336815e-06
172 4.219294370077076 1586.86385947904 8.180217682514508e-14 3.611466118674803e-06
173 4.734126147358862 1607.1699903208746 3.06119172300915e-14 3.94849992155278e-06
174 5.311776902330101 1630.9466264504151 9.054600645839292e-15 4.3645103833212326e-06
175 5.959911709549289 1658.8092320200203 2.124862873446613e-15 4.7896544311681585e-06
176 6.687130924124661 1691.4687498814392 4.0505916412496765e-16 4.9020333479526035e-06
177 7.503084303201211 1729.7173157183306 6.226819220196263e-17 4.984937894722561e-06
178 8.418599052375162 1774.739786200086 6.753157949914113e-18 4.51275792319758e-06
179 9.445823496133947 1827.743233547032 3.8372766307672245e-19 1.8503992312483445e-06
180 10.598388278741364 1887.3207826647842 7.813610062747452e-21 -1.4607477337443773e-06
181 11.891587234605426 1950.3093689251527 4.108129811583259e-23 -2.5814169987966595e-06
182 13.342580328168953 2015.2874625652187 4.578499277372556e-26 -2.2023856237057863e-06
183 14.970621356211923 2082.639546804759 8.789828306779694e-30 -1.9393671954838385e-06
184 16.797313434036862 2152.153777787466 2.0174733703369004e-34 -1.673210466277939e-06
185 18.84689565568364 2224.051917188509 3.1912703818186084e-40 -1.4459129541368653e-06
186 21.14656473198053 2298.415887524331 1.8030348937702246e-47 -1.3521944736010183e-06
187 23.726835874373222 2375.2284308198896 1.7671937594223289e-56 -1.1845588293172711e-06
188 26.621947713240626 2454.7120782822926 1.0878080388960767e-67 -1.021426474823525e-06
189 29.87031662371793 2537.058774458398 5.509740345206385e-82 -8.918658724005694e-07
190 33.51504648765426 2622.1616671317074 6.556909644739589e-101 -7.607499463230135e-07
191 37.6045006559363 2710.0931082917045 8.942423028721128e-127 -6.340853945330469e-07
192 42.19294370077081 2800.7221006607137 1.5026574977690272e-162 -5.465067159331671e-07
193 47.34126147358862 2894.0665235225265 5.153182322133018e-212 -4.593139194829609e-07
194 53.11776902330098 2990.5845177769847 1.481223889127649e-280 -3.5237252423099687e-07
195 59.59911709549286 3090.4212127529463 0.0 -2.6149471102509413e-07
196 66.87130924124668 3193.6370458584715 0.0 -2.0806352789328085e-07
197 75.03084303201227 3300.324900863822 0.0 -1.3767856408319563e-07
198 84.18599052375151 3410.679622926945 0.0 -1.2316194189665507e-07
199 94.45823496133944 3524.8303769431213 0.0 6.049750742671287e-07
