201
0.0 6.3469999999999995  74355940.7262015 0.0
0.0 6.346999970257625  74355940.72628903 0.000626793396399548
0.0 6.346999936879442  74355940.7263932 0.002050254650720509
0.0 6.346999899243981  74355940.72652619 0.005227818925941788
0.0 6.34699985635182  74355940.72670016 0.012168581053230182
0.0 6.346999806727777  74355940.72695376 0.027008962367834302
0.0 6.3469997480671045  74355940.7273507 0.05787606267778679
0.0 6.346999676224494  74355940.72795378 0.12029360440483101
0.0 6.3469995839652515  74355940.72896911 0.24318429229538696
0.0 6.34699945872816  74355940.73071274 0.47888175637563174
0.0 6.346999279170138  74355940.73371913 0.9187690454670796
0.0 6.346999009896161  74355940.7388712 1.717466368428692
0.0 6.346998593533976  74355940.7476018 3.1298040671609932
0.0 6.346997940060608  74355940.76218139 5.561774393639154
0.0 6.346996912025169  74355940.78615664 9.642765182698762
0.0 6.346995302360485  74355940.82508354 16.334654127532154
0.0 6.346992812578958  74355940.88748606 27.048568764973826
0.0 6.346989035395208  74355940.98612307 43.74973799301668
0.0 6.346983410457048  74355941.14067839 69.1905777145481
0.0 6.346975197548826  74355941.38121952 107.08301624988638
0.0 6.346963447445694  74355941.75345781 162.29510471005156
0.0 6.34694696651764  74355942.30109589 241.10020148157523
0.0 6.346924286661833  74355943.07720284 351.4330606718978
0.0 6.346893671594227  74355944.15933952 502.99347912772447
0.0 6.346853068718958  74355945.64633846 707.658145960914
0.0 6.3468001642863285  74355947.6604823 979.450324585881
0.0 6.346732645403288  74355950.3423565 1333.4984232612856
0.0 6.346647991427923  74355953.86426516 1787.4917027204858
0.0 6.346543659959056  74355958.43054312 2361.294656032318
0.0 6.346417277997129  74355964.2768906 3076.538009515392
0.0 6.346266744661146  74355971.6750894 3956.791272398494
0.0 6.346090376848079  74355980.93543442 5027.419608744245
0.0 6.345887005794333  74355992.06813885 6315.540827055619
0.0 6.345656091323627  74356005.60004465 7849.4602637738935
0.0 6.345397637908326  74356021.9211986 9658.96737917191
0.0 6.3451120647997445  74356041.46735488 11775.277252974014
0.0 6.344799606346706  74356064.75165612 14234.00847011619
0.0 6.344460184235462  74356092.36347747 17074.474975416975
0.0 6.344094554708193  74356124.8358885 20326.149090488136
0.0 6.343701071612747  74356162.88177061 24032.68376343568
0.0 6.3432765455147155  74356207.3265683 28243.766445006102
0.0 6.342817651700356  74356258.94355285 32999.07209405433
0.0 6.342318178532549  74356318.76045668 38356.472476196155
0.0 6.341772389846225  74356387.728858 44360.58043709101
0.0 6.341172049896011  74356467.14687718 51079.295535473866
0.0 6.3405108234483265  74356558.17663169 58560.813986406756
0.0 6.339779434329817  74356662.56316866 66892.59092018945
0.0 6.338971557933309  74356781.86808982 76136.89851206333
0.0 6.338082091268535  74356917.68800928 86350.83844922206
0.0 6.337101732483617  74357072.48576654 97647.47647634936
0.0 6.336024344850018  74357248.45797695 110109.65488931691
0.0 6.334844655462835  74357447.80479902 123813.84850057522
0.0 6.33355063147526  74357674.02324419 138917.97409096907
0.0 6.3321323978875  74357930.4366844 155556.94609755636
0.0 6.330578654495601  74358220.77976668 173883.66518124947
0.0 6.328876561220498  74358549.24267831 194070.0440576694
0.0 6.327011639248424  74358920.5392167 216308.68064648737
0.0 6.324969546607608  74359339.59635374 240792.55395668288
0.0 6.322738007890983  74359811.17621773 267692.76182644174
0.0 6.320291456441399  74360343.25142646 297345.43502866896
0.0 6.317609430162695  74360943.3024839 330032.7992168032
0.0 6.31467008000743  74361619.75248614 366062.1257662131
0.0 6.311450262398125  74362382.05472732 405765.1929706062
0.0 6.307925201713432  74363240.8598724 449502.24930235534
0.0 6.304068177924623  74364208.1908691 497663.8111773622
0.0 6.299850297980362  74365297.56968062 550672.4194885778
0.0 6.2952398926474915  74366524.26339212 608986.2311327622
0.0 6.2902020798226825  74367905.48829812 673100.8448266067
0.0 6.284698141527956  74369460.67890045 743552.3280777979
0.0 6.278684782046589  74371211.88000216 820920.669994218
0.0 6.272113967050506  74373184.00417404 905826.6874280713
0.0 6.264932285207667  74375405.31562519 998932.6681899418
0.0 6.257080714938779  74377908.07453057 1100938.1743156177
0.0 6.248494648828444  74380729.18229902 1212575.8709586244
0.0 6.239104540290755  74383911.29068014 1334599.4907053774
0.0 6.2288359634092085  74387507.07851665 1467782.086889522
0.0 6.2176105500330765  74391544.58877583 1612949.05388315
0.0 6.205345038336347  74396038.14834629 1770930.0522452826
0.0 6.191961354297422  74401077.40692636 1942400.710361074
0.0 6.177379292588606  74406770.58627589 2128066.5459518232
0.0 6.161520849484653  74413210.05393088 2328609.854370388
0.0 6.144312837232241  74420508.87374386 2544633.3654140597
0.0 6.125687761907078  74428746.55446804 2776720.927033469
0.0 6.105582854402368  74437982.9300276 3025344.1122635207
0.0 6.08395944015553  74448420.1550008 3290561.8801220944
0.0 6.0607895142766965  74460250.12636258 3572427.2874022084
0.0 6.036059637010185  74473596.9112584 3870821.056740432
0.0 6.009796470805618  74488692.76779884 4185111.8046230036
0.0 5.982042905980217  74505807.54940805 4514485.267282232
0.0 5.952890750095858  74525292.85412464 4857570.312546106
0.0 5.922451749588472  74547475.83034472 5212898.524061188
0.0 5.890882359995632  74572590.7298468 5578558.736911386
0.0 5.858368710820364  74600986.05940463 5952116.527945519
0.0 5.825147692641158  74633270.60213201 6330408.666845204
0.0 5.7914642907841625  74670088.92957225 6710301.443134204
0.0 5.757591194382953  74712027.11039214 7088390.017945903
0.0 5.723794281124566  74759792.46051127 7461230.139912358
0.0 5.690335300405417  74814253.43556681 7825278.901032162
0.0 5.6574284034865  74876550.08089359 8177325.528119271
0.0 5.625231149282909  74947968.20330195 8514764.670409402
0.0 5.593791926259978  75029857.55126645 8836020.86347712
0.0 5.563066441992877  75124023.53136486 9140001.579864603
0.0 5.532864485380025  75232408.89297988 9427486.9612555
0.0 5.502870056796539  75356818.9213152 9700206.151178647
0.0 5.472659103867735  75500047.42883573 9960625.636612754
0.0 5.441697085776369  75665310.34647925 10213010.790466538
0.0 5.4093937261573055  75856699.64358509 10462422.286318133
0.0 5.375125454199312  76080894.85729674 10715990.457694406
0.0 5.338266492922994  76336938.49269016 10979375.520413168
0.0 5.298213544950282  76633100.32846999 11264593.641090576
0.0 5.254383627232566  76974441.2880109 11581755.250769291
0.0 5.2062465316454425  77365347.36791886 11939482.812426114
0.0 5.153290939317311  77812951.13830405 12345288.24659671
0.0 5.095019745175542  78325610.86417355 12808063.366479034
0.0 5.030922881052536  78912020.06436175 13338138.56566313
0.0 4.960508837810664  79581250.17366415 13945588.599978397
0.0 4.883280649710895  80344109.96906008 14641751.189689621
0.0 4.798799450862221  81211792.92785347 15438675.974343752
0.0 4.706667045078612  82197169.29993235 16350343.678760197
0.0 4.6066191135689865  83314187.39788878 17391064.076931503
0.0 4.498498999865799  84580621.45747052 18580589.11257478
0.0 4.3823571953539275  86012374.87846677 19939741.695790544
0.0 4.258362037162576  87626807.33012283 21492946.996827725
0.0 4.126878481282583  89439975.52004583 23260561.28710739
0.0 3.988391391707956  91481963.1180321 25277067.465102218
0.0 3.8435100406612324  93781429.63923256 27585308.730502933
0.0 3.693121287588796  96364670.3618993 30225449.653177336
0.0 3.5359439768985963  99297950.36018288 33285376.512432612
0.0 3.3782223694970943  102573473.24292627 36747091.332275964
0.0 3.220133154675608  106231969.38693582 40681060.172785155
0.0 3.0619675692412693  110311601.69983844 45155319.48202768
0.0 2.903918427390564  114858763.60678285 50250124.14982774
0.0 2.7461547228692083  119915324.52443905 56046527.826536424
0.0 2.5889561887624546  125526735.79965378 62628150.36739039
0.0 2.432833703037323  131734740.82125123 70070737.68533446
0.0 2.2786148260750654  138573828.8294741 78427940.98085372
0.0 2.1274826034628997  146068862.88543296 87729805.07531399
0.0 1.980633180601434  154206661.72103256 97972489.63490228
0.0 1.8387050195489774  162905206.9198024 109098072.67115615
0.0 1.7016089579438  172009481.75195774 120990620.9737854
0.0 1.5691135328622121  181282823.42550302 133461272.72936484
0.0 1.4415273998947624  190385956.5981088 146221871.75430697
0.0 1.3198804050202884  198850096.39974448 158803933.4832234
0.0 1.2056731085626233  206178139.53136292 170597562.06445253
0.0 1.1004490838237204  211967932.82132345 180988235.17833418
0.0 1.005407375030915  215855860.81115106 189363354.52937183
0.0 0.9211265127510513  217893279.21167123 195468649.76841244
0.0 0.847461153814575  218437053.18011233 199342930.02306902
0.0 0.7835154026557003  218127799.72322273 201503118.26814702
0.0 0.7277319837297113  217600898.6566435 202664703.9822805
0.0 0.6781138554647654  217399573.69509766 203537547.63045913
0.0 0.6325078002975516  217946053.79978383 204726965.52617273
0.0 0.5889191115111418  219560055.71142069 206720137.00066805
0.0 0.5457850325531942  222450823.92525113 209897693.66352746
0.0 0.5021613826843324  226596876.74644092 214388672.9919017
0.0 0.457737602236014  231851785.61216518 220126755.51069427
0.0 0.41271409347922566  238038426.24075887 226995986.87408873
0.0 0.3676941687525302  244783802.23677993 234666501.36550474
0.0 0.323569939961462  251668350.09703577 242683356.96309412
0.0 0.28133591034441835  258417725.25303409 250693696.77289915
0.0 0.24185636539154187  264827999.67751324 258416071.73202336
0.0 0.20564439672770757  270724623.9331633 265580302.95939815
0.0 0.1727633942315511  276110589.7683963 272086522.07195723
0.0 0.14293875865338132  281125756.00941175 278011598.9944026
0.0 0.11581170705884358  285944370.9577534 283512353.5893771
0.0 0.09120817686363684  290770926.9217441 288796058.0889827
0.0 0.06926001313629572  295949182.15300596 294232801.1718815
0.0 0.05030643099300212  301810772.99489224 300201849.15702105
0.0 0.03464389102658702  308661963.1335722 307072635.66492563
0.0 0.02231764676667797  316765074.4442494 315152901.05549735
0.0 0.013175773904641338  326477687.65710646 324813501.6544869
0.0 0.006931242217412661  338224548.1539339 336501771.358751
0.0 0.0031405749175240287  352283957.1642394 350497370.4169109
0.0 0.0011841939049105454  369296508.34989375 367423549.77217525
0.0 0.0003627477353691479  390048696.8021999 388069783.40591794
0.0 9.012763152944073e-05  415414715.25447 413304393.1610571
0.0 1.834498158385603e-05  446725235.2402522 444453107.84086436
0.0 2.991494054230362e-06  485605161.2417586 483147225.6579289
0.0 3.4326933120317984e-07  534335661.055034 531665719.384168
0.0 2.101743168495553e-08  596408307.8782324 593523023.2783839
0.0 4.72169528825456e-10  675345838.4393632 672361481.1352049
0.0 2.7725257835617665e-12  769841798.4610077 766945194.5260236
0.0 3.463420875096609e-15  877576803.1929301 874854198.254609
0.0 7.458992228720022e-19  1000206206.9838789 997650166.3524283
0.0 1.9208664012570053e-23  1140858996.3578143 1138467524.9512491
0.0 3.4091978626412374e-29  1300397112.2068975 1298164949.3746042
0.0 2.161188811425703e-36  1483333283.0879445 1481255585.4826782
0.0 2.3766911424866266e-45  1691473094.912801 1689557476.6757212
0.0 1.6414998309547495e-56  1929208727.2384124 1927452419.7991645
0.0 9.328669585652814e-71  2200753277.7481346 2199151103.329218
0.0 1.2456263234593322e-89  2511576453.6741943 2510125283.1414332
0.0 1.9060916949661649e-115  2865398277.4943085 2864091627.812078
0.0 3.593755950260803e-151  3269665812.6762347 3268494319.304608
0.0 1.3828150153573243e-200  3727935446.952401 3726894656.1370893
0.0 4.459737389405363e-269  4250195604.255907 4249278066.6354017
0.0 0.0  4846620891.297635 4845809447.626387
0.0 0.0  5527171779.876149 5526448675.003318
0.0 0.0  6303494950.697628 6302850710.866346
0.0 0.0  7189061209.063146 7188475523.0077715
0.0 0.0  8200612230.53836 8200085315.757134
0.0 0.0  9355189552.68234 9354338726.630318
