200
0 1.0598388278741362e-08 780.8 2.743362216621197e-10 -5.645765988549274e-06
1 1.1891587234605432e-08 780.8 2.6861626326305726e-10 -1.21252954674339e-05
2 1.3342580328168952e-08 780.8 3.5957172629536656e-10 -3.060796140553339e-05
3 1.497062135621191e-08 780.8 2.4903052980629684e-10 -6.08860701490923e-05
4 1.6797313434036843e-08 780.8 2.456683818407357e-10 -0.00012274718310297845
5 1.884689565568362e-08 780.8 3.8717939268791107e-10 -0.00022385360181544601
6 2.1146564731980552e-08 780.8 2.799285224754125e-10 -0.0004104831355073011
7 2.3726835874373224e-08 780.8 3.5689630115184656e-10 -0.0007029419948880603
8 2.6621947713240617e-08 780.8 4.870046785483107e-10 -0.0011446313296112668
9 2.987031662371789e-08 780.8 6.40364414175912e-10 -0.002171789004728148
10 3.3515046487654186e-08 780.8 7.477275762329973e-10 -0.0031146700882702725
11 3.760450065593623e-08 780.8 1.2658407411661801e-09 -0.00520309263400842
12 4.219294370077074e-08 780.8 1.6544679527404983e-09 -0.00801861397212492
13 4.7341261473588536e-08 780.8 1.7110817428288098e-09 -0.010823232838852727
14 5.311776902330091e-08 780.8 3.3170115902469806e-09 -0.017962945857466207
15 5.959911709549277e-08 780.8 3.691128077628361e-09 -0.024077421653010796
16 6.687130924124655e-08 780.8 4.750182720179957e-09 -0.03141772250218773
17 7.503084303201205e-08 780.8 8.909369828786563e-09 -0.06799381450261001
18 8.418599052375152e-08 780.8 1.2657527958656947e-08 -0.056853626335027004
19 9.445823496133942e-08 780.8 1.4229884974930201e-08 -0.10075487084748824
20 1.0598388278741362e-07 780.8 1.987070388375958e-08 -0.13614782481139104
21 1.1891587234605436e-07 780.8 2.0720616642908854e-08 -0.17571764004675214
22 1.3342580328168943e-07 780.8 2.3103793857776706e-08 -0.14219035672790017
23 1.4970621356211916e-07 780.8 2.3132859497501173e-08 -0.16366426755844374
24 1.679731343403686e-07 780.8 3.9601379861905526e-08 -0.26744156409418196
25 1.8846895655683643e-07 780.8 5.025134833222191e-08 -0.3017797292475572
26 2.1146564731980535e-07 780.8 6.031945519233814e-08 -0.32281783873583214
27 2.3726835874373202e-07 780.8 4.3441033332181016e-08 -0.29400299831487386
28 2.662194771324062e-07 780.8 5.0512396773762536e-08 -0.38028950658214017
29 2.9870316623717906e-07 780.8 5.520548099741646e-08 -0.481022424776326
30 3.351504648765425e-07 780.8 5.8117131544279445e-08 -0.46247641792018795
31 3.760450065593624e-07 780.8 5.8840069029808137e-08 -0.4116793204346255
32 4.2192943700770767e-07 780.8 9.211542115632674e-08 -0.4953497620810868
33 4.734126147358854e-07 780.8 8.12384572095397e-08 -0.5167271625060409
34 5.311776902330089e-07 780.8 6.042723063976421e-08 -0.5347156087905842
35 5.959911709549286e-07 780.8 1.0099139060506441e-07 -1.0439122980623365
36 6.687130924124662e-07 780.8 6.016293089118076e-08 -0.5074561463345846
37 7.503084303201209e-07 780.8 7.711898345338547e-08 -0.659139645787946
38 8.418599052375149e-07 780.8 7.96966628031301e-08 -0.4764030622179267
39 9.44582349613394e-07 780.8 7.943773721763625e-08 -0.5783520183334583
40 1.0598388278741369e-06 780.8 6.856824694693965e-08 -0.4440087235110209
41 1.189158723460544e-06 780.8 6.16020800684283e-08 -0.45139752969156505
42 1.3342580328168946e-06 780.8 4.826693343027333e-08 -0.4169767840079564
43 1.4970621356211894e-06 780.8 5.0237660604880224e-08 -0.41960182283144215
44 1.6797313434036835e-06 780.8 4.8647586582914006e-08 -0.4005917325092682
45 1.8846895655683624e-06 780.8 4.619101310957796e-08 -0.40238566914201307
46 2.114656473198054e-06 780.8 4.5085591436116614e-08 -0.37321702317487415
47 2.372683587437324e-06 780.8 4.0540045428095794e-08 -0.34727463263007324
48 2.662194771324063e-06 780.8 4.5253948421365724e-08 -0.38590427119011034
49 2.9870316623717897e-06 780.8 3.92790281237317e-08 -0.3299154544828231
50 3.3515046487654246e-06 780.8 3.93174995024886e-08 -0.29257031194588384
51 3.7604500655936247e-06 780.8 3.3513515009196156e-08 -0.27376434368255287
52 4.219294370077079e-06 780.8 3.4286680724382224e-08 -0.2738570124841091
53 4.734126147358854e-06 780.8 3.267965972346164e-08 -0.2570457432444366
54 5.311776902330092e-06 780.8 2.801542103635046e-08 -0.20408367371866476
55 5.9599117095492826e-06 780.8 2.8839896055170077e-08 -0.21608554620004555
56 6.687130924124654e-06 780.8 2.9004561560507138e-08 -0.2065224849299409
57 7.503084303201217e-06 780.8 2.625538156231314e-08 -0.18940310477805217
58 8.418599052375149e-06 780.8 2.3733083530870374e-08 -0.16962669303937078
59 9.445823496133936e-06 780.8 2.4266894419826246e-08 -0.16453906434719148
60 1.059838827874136e-05 780.8 2.270238029229847e-08 -0.15789896234781492
61 1.1891587234605442e-05 780.8 2.084671842836625e-08 -0.1389125021318422
62 1.3342580328168943e-05 780.8 2.0624056431284025e-08 -0.14176182945994395
63 1.4970621356211902e-05 780.8 1.8935828613572654e-08 -0.12485374862158806
64 1.6797313434036858e-05 780.8 1.778880900338731e-08 -0.11133149782541808
65 1.884689565568364e-05 780.8 1.6752338326225848e-08 -0.10744658058542383
66 2.1146564731980553e-05 780.8 1.5769687165184095e-08 -0.10004616373736624
67 2.3726835874373233e-05 780.8 1.5818529183428108e-08 -0.09309877881427629
68 2.6621947713240622e-05 780.8 1.621575249025759e-08 -0.08729486035883177
69 2.9870316623717916e-05 780.8 1.3321451708152274e-08 -0.08142432642155174
70 3.351504648765423e-05 780.8 1.2290514683410886e-08 -0.07450832391498534
71 3.7604500655936265e-05 780.8 1.1426994393853881e-08 -0.06892882034644571
72 4.219294370077077e-05 780.8 1.133660161675901e-08 -0.06534029785469568
73 4.734126147358859e-05 780.8 1.0513409606319064e-08 -0.05910747126929849
74 5.311776902330094e-05 780.8 9.497558854853081e-09 -0.05529225737903079
75 5.959911709549279e-05 780.8120710707707 8.999432607979193e-09 -0.05124588585385776
76 6.687130924124665e-05 780.9 8.597819200275477e-09 -0.048567935936913456
77 7.503084303201212e-05 780.9 7.948133228727383e-09 -0.04345016668563416
78 8.418599052375145e-05 780.9 7.66812693982169e-09 -0.043144345835154266
79 9.44582349613394e-05 780.9 7.315925042991023e-09 -0.040447157041359545
80 0.0001059838827874137 780.9 6.851665710878301e-09 -0.03639795517493069
81 0.00011891587234605433 780.9091380024031 6.385753577233809e-09 -0.03320142963286122
82 0.00013342580328168954 781.0 6.04151817268678e-09 -0.030886112128218797
83 0.00014970621356211913 781.0 5.567131792968571e-09 -0.02722830428145425
84 0.0001679731343403685 781.007711442845 5.522799446634697e-09 -0.027167866375373346
85 0.00018846895655683633 781.1 5.218749154009078e-09 -0.025906751913120894
86 0.0002114656473198053 781.1068702230343 5.133534282233587e-09 -0.02371094231653318
87 0.0002372683587437322 781.2 4.7002711661726e-09 -0.022635805958035566
88 0.0002662194771324061 781.2059243121371 4.437396189151793e-09 -0.020120767544185503
89 0.0002987031662371793 781.3055032039482 4.248143302829632e-09 -0.018993308002910825
90 0.00033515046487654214 781.4100267231127 3.994797705654894e-09 -0.01742702761138216
91 0.0003760450065593628 781.6044553519812 3.760673037525327e-09 -0.016081534203966973
92 0.0004219294370077082 781.7078813087678 3.6581609820731127e-09 -0.015291666546232258
93 0.00047341261473588593 781.90696406483 3.3963721871936913e-09 -0.013840384326612854
94 0.0005311776902330096 782.1091418654839 3.3084940098269103e-09 -0.013346467303924005
95 0.0005959911709549284 782.4077825965223 3.1447930404223842e-09 -0.011982777523123324
96 0.0006687130924124669 782.7083769800121 3.0226489910350577e-09 -0.011489821609250037
97 0.0007503084303201216 783.1065655291409 2.852693838120012e-09 -0.010126174284447727
98 0.0008418599052375149 783.5067501759701 2.726483278571295e-09 -0.009644246267191221
99 0.0009445823496133941 784.1040396709814 2.6559254936627284e-09 -0.009052312492509748
100 0.0010598388278741382 784.699167785925 2.494935576626238e-09 -0.008034703023486165
101 0.0011891587234605452 785.4948229136033 2.439212560937045e-09 -0.007527456996121427
102 0.001334258032816897 786.4948829849441 2.353154950905436e-09 -0.007077757950894519
103 0.0014970621356211922 787.5870021291665 2.2674523813152258e-09 -0.006249361312106872
104 0.0016797313434036842 788.9751297867672 2.211303071468921e-09 -0.006088655385150647
105 0.0018846895655683636 790.5589531638135 2.1220110960012407e-09 -0.005593031549285172
106 0.0021146564731980557 792.4478238055251 2.054988859376468e-09 -0.005086207790219785
107 0.002372683587437325 794.8143318385041 1.963032060945589e-09 -0.004419850902986682
108 0.002662194771324063 797.490842063613 1.932159708505467e-09 -0.0043237297317642405
109 0.0029870316623717918 800.8448404026344 1.8525083516829502e-09 -0.00390346714673458
110 0.0033515046487654263 804.7039894841988 1.8320328325380192e-09 -0.003772349128493052
111 0.003760450065593632 809.1542985355238 1.7625076895351485e-09 -0.003466384370768213
112 0.004219294370077078 814.1851640589099 1.7437652594162639e-09 -0.0034588720549260615
113 0.0047341261473588594 820.0050753731617 1.6707385501924954e-09 -0.003176465347269815
114 0.005311776902330097 826.5236368468011 1.6649043918063187e-09 -0.003238867056859368
115 0.005959911709549282 833.9273442402738 1.628983151462301e-09 -0.0031856575072932657
116 0.006687130924124662 842.1154290924588 1.5937806634142073e-09 -0.00323218970035146
117 0.007503084303201218 851.2912745100016 1.5518273902874415e-09 -0.0032724103514576624
118 0.00841859905237515 861.2715289870711 1.509440231998795e-09 -0.003302169671189222
119 0.009445823496133942 872.3038535983718 1.4573248783617733e-09 -0.0034125901886323372
120 0.010598388278741376 884.2444523658453 1.4025675306602438e-09 -0.0034523237286340092
121 0.01189158723460545 897.3053064861008 1.367514193684221e-09 -0.003786662573116527
122 0.01334258032816896 911.2049882616096 1.296217134712011e-09 -0.003790387262400311
123 0.014970621356211926 925.9983857489029 1.2399348797735218e-09 -0.004191843465759607
124 0.01679731343403685 941.8858851010716 1.1957634927028026e-09 -0.004505023260587291
125 0.018846895655683645 958.6785771036468 1.1220418926767229e-09 -0.004711733262777993
126 0.021146564731980566 976.4889594767735 1.058096016427746e-09 -0.004908805854136466
127 0.023726835874373235 995.1901893633666 9.708026531792164e-10 -0.004811819895299759
128 0.026621947713240626 1014.9077548191933 9.13661474670107e-10 -0.0052902643154538135
129 0.02987031662371793 1035.5544028420798 8.548921430444917e-10 -0.005648379415281231
130 0.033515046487654215 1057.215193032158 7.826174801231779e-10 -0.0057055521720719106
131 0.037604500655936304 1079.854082540895 7.113564163664259e-10 -0.005840789318970138
132 0.04219294370077081 1103.448586052856 6.510298777011949e-10 -0.006104815890212832
133 0.047341261473588574 1127.9706422286522 5.916426776513058e-10 -0.006361859149072321
134 0.053117769023300954 1153.293055235896 5.34348748573879e-10 -0.006544142276070861
135 0.059599117095492836 1179.3434909053406 4.769378135542948e-10 -0.006896257075288705
136 0.06687130924124662 1206.0739074415092 4.305312220075943e-10 -0.007383080773056694
137 0.0750308430320121 1233.2650058634565 3.8513649691268867e-10 -0.007763860555735823
138 0.0841859905237515 1260.5249085479566 3.3622932324283804e-10 -0.008122506898988368
139 0.09445823496133936 1287.2898387276416 3.002372544542895e-10 -0.008716038296196974
140 0.10598388278741365 1312.9831508110965 2.605585773526329e-10 -0.009068824714395187
141 0.1189158723460546 1336.7016099923064 2.2376699687335801e-10 -0.009285686859353577
142 0.13342580328168963 1357.312576397464 1.9249062672730516e-10 -0.009215103730054488
143 0.14970621356211924 1374.161042933767 1.6435085872483557e-10 -0.008776746608189927
144 0.16797313434036862 1386.4130379918606 1.3768146999787646e-10 -0.0078131169458464
145 0.18846895655683643 1393.980958181016 1.173660230086315e-10 -0.006624864911269148
146 0.2114656473198057 1397.2532062799812 9.669185727518272e-11 -0.005132464255443718
147 0.23726835874373234 1397.4967164098687 8.01492934182178e-11 -0.0036597584445707473
148 0.266219477132406 1396.1949443674966 6.596637331312069e-11 -0.0024858837511700965
149 0.2987031662371792 1394.6793229358402 5.6669445311411806e-11 -0.0016446107079653857
150 0.33515046487654226 1394.003443343485 4.674205296110983e-11 -0.001024256019248039
151 0.3760450065593626 1394.9308039996006 3.952182107498175e-11 -0.0006163363502560064
152 0.42192943700770824 1398.0783549606165 3.444973178449645e-11 -0.0004307574539859308
153 0.4734126147358859 1403.6031559355063 2.937942382384247e-11 -0.0003442221035223028
154 0.5311776902330093 1411.2108023357375 2.5197663804549338e-11 -0.0003195738051433152
155 0.5959911709549288 1420.584860006753 2.1731994830044496e-11 -0.00034094213380285633
156 0.6687130924124671 1431.1401683085548 1.9265120868638826e-11 -0.00036025558108164154
157 0.750308430320121 1442.0543416000157 1.6793818223032985e-11 -0.0003586938287894729
158 0.8418599052375154 1452.7188748214267 1.464613567900002e-11 -0.000337353656073185
159 0.9445823496133939 1462.7828984177377 1.2851000977215081e-11 -0.0002976123140270744
160 1.0598388278741377 1471.9415810515416 1.1042316099512413e-11 -0.0002531163112307687
161 1.1891587234605436 1480.0929919654689 9.673104507986364e-12 -0.00020508825075515863
162 1.334258032816894 1487.40815915894 8.311659054807706e-12 -0.00015478186792785515
163 1.497062135621193 1494.1544976041412 7.015340211290635e-12 -0.000110288656657796
164 1.6797313434036876 1500.5800031297572 5.757019321530382e-12 -7.509316599343371e-05
165 1.8846895655683653 1507.0903809049353 4.677184353189122e-12 -4.6654207505634194e-05
166 2.114656473198053 1514.125801059774 3.645362532565288e-12 -2.873951939432658e-05
167 2.372683587437319 1522.096822720272 2.7354714708122018e-12 -1.7424241986375932e-05
168 2.6621947713240655 1531.3016201385544 2.010174331923541e-12 -9.981168022093702e-06
169 2.9870316623717934 1542.0440027971717 1.3784135250759978e-12 -3.7799380135253474e-06
170 3.351504648765427 1554.7281174759403 9.316229504534835e-13 -1.5425655949706957e-06
171 3.7604500655936266 1569.5573972659345 5.85150944744791e-13 7.370204273084618e-07
172 4.219294370077076 1586.86385947904 4.0996009147316164e-13 1.9966735665802492e-06
173 4.734126147358862 1607.1699903208746 2.569360920088521e-13 3.438851460877663e-06
174 5.311776902330101 1630.9466264504151 1.7353303515635e-13 5.163792259962573e-06
175 5.959911709549289 1658.8092320200203 1.280310083774506e-13 7.290908766743996e-06
176 6.687130924124661 1691.4687498814392 1.0937610141064995e-13 7.102023397550636e-06
177 7.503084303201211 1729.7173157183306 3.782770111837628e-14 6.953742068472069e-06
178 8.418599052375162 1774.739786200086 5.776428862100515e-14 5.791050715267394e-06
179 9.445823496133947 1827.743233547032 3.591048671959872e-14 5.626366194561225e-07
180 10.598388278741364 1887.3207826647842 3.9679513693651926e-14 -3.7184470519333667e-06
181 11.891587234605426 1950.3093689251527 1.793246869655089e-14 -5.070346450290232e-06
182 13.342580328168953 2015.2874625652187 1.430065870442683e-14 -3.192530788936559e-06
183 14.970621356211923 2082.639546804759 1.9682274372133355e-14 -2.7800698978095503e-06
184 16.797313434036862 2152.153777787466 1.8391218917631195e-14 -2.595039380945283e-06
185 18.84689565568364 2224.051917188509 4.7257543187514406e-15 -1.593800539813222e-06
186 21.14656473198053 2298.415887524331 2.734732781055334e-14 -1.7339476684117727e-06
187 23.726835874373222 2375.2284308198896 1.1571430059880504e-14 -1.6022842409474317e-06
188 26.621947713240626 2454.7120782822926 1.367020036564564e-14 -1.4547719662060518e-06
189 29.87031662371793 2537.058774458398 1.1975562540273044e-14 -1.2766718032522884e-06
190 33.51504648765426 2622.1616671317074 1.0857643840762564e-15 -8.553756403608966e-07
191 37.6045006559363 2710.0931082917045 3.612484539668591e-15 -4.198225257907944e-07
192 42.19294370077081 2800.7221006607137 3.3163763331249353e-16 -6.20671168776178e-07
193 47.34126147358862 2894.0665235225265 4.367675735279049e-16 -4.583348314107514e-07
194 53.11776902330098 2990.5845177769847 8.45865406106621e-16 -2.335164771694522e-07
195 59.59911709549286 3090.4212127529463 1.3475563496718796e-15 -2.701205735144921e-07
196 66.87130924124668 3193.6370458584715 2.0877053771018104e-15 -2.606043900828574e-07
197 75.03084303201227 3300.324900863822 1.6660928246618923e-15 -2.689274923637352e-07
198 84.18599052375151 3410.679622926945 3.924852902736652e-15 -7.011711532966077e-07
199 94.45823496133944 3524.8303769431213 8.980244955916091e-16 -5.593844591857033e-07
