201
0.0 6.3469999999999995  114329409.24034303 0.0
0.0 6.346999977065497  114329409.24045187 0.0005913947499670999
0.0 6.34699995089297  114329409.24057749 0.0019335167036202093
0.0 6.346999921574365  114329409.24072622 0.0048902988725621046
0.0 6.346999889087844  114329409.2409089 0.011410932572010805
0.0 6.346999851439014  114329409.24114627 0.025493781809994932
0.0 6.346999806196134  114329409.24147426 0.05474045209982193
0.0 6.346999749996694  114329409.24196035 0.11384739338736899
0.0 6.346999676846746  114329409.24272348 0.23180745629651742
0.0 6.346999576602445  114329409.24397135 0.45812343621481616
0.0 6.34699942576702  114329409.24606167 0.8857687913709259
0.0 6.346999194722423  114329409.24956547 1.678029953045256
0.0 6.3469988472094645  114329409.2554314 3.092141214946805
0.0 6.34699828217448  114329409.26507631 5.562702259626324
0.0 6.34699741877216  114329409.28075267 9.641049450224656
0.0 6.346995972033773  114329409.30565363 16.624030698571335
0.0 6.346993706212056  114329409.34477969 27.840687020592352
0.0 6.3469903885891386  114329409.40403399 45.33507084435745
0.0 6.3469853325237535  114329409.49242471 72.6130636514462
0.0 6.346978090145651  114329409.62105192 112.46714363511441
0.0 6.34696726221253  114329409.8057083 173.49484343149538
0.0 6.346952263123491  114329410.0647841 259.3056957851273
0.0 6.346931276647933  114329410.4238128 383.2109028840277
0.0 6.346903215629126  114329410.91207735 549.43924290843
0.0 6.346866129856389  114329411.56608017 775.3577876996145
0.0 6.346818612250152  114329412.42836735 1071.3520960115757
0.0 6.346757105161642  114329413.54601239 1454.8470012422813
0.0 6.3466767624238285  114329414.98347196 1944.9630869316745
0.0 6.34658176614351  114329416.79945536 2556.042475191272
0.0 6.346461434418958  114329419.0740892 3302.2383081033945
0.0 6.346313705012797  114329421.89710875 4260.645913634336
0.0 6.346142139098847  114329425.35045058 5356.732484409812
0.0 6.345949304486289  114329429.56918505 6656.20231030468
0.0 6.345726728267597  114329434.63596988 8174.751081981027
0.0 6.345471851215793  114329440.74740198 9886.822621589376
0.0 6.345187908804622  114329447.97718549 11844.751877795117
0.0 6.344877313736452  114329456.52334623 14108.667213451397
0.0 6.344544077795193  114329466.57826677 16561.500568372005
0.0 6.344183301043923  114329478.38639733 19400.540882866302
0.0 6.343811902334721  114329492.10765873 22415.06266399233
0.0 6.343419235179521  114329508.05363289 25702.500254219784
0.0 6.343012050851497  114329526.5040025 29164.21110481176
0.0 6.342581530080001  114329547.81542279 32881.750198035545
0.0 6.342130400020271  114329572.26546071 36866.82572494302
0.0 6.341658631288297  114329600.39255267 41029.977576935686
0.0 6.3411644443741135  114329632.50206578 45403.237127699555
0.0 6.340637034698683  114329669.25828677 50043.18095272504
0.0 6.340082626650503  114329711.05781029 54838.9035970913
0.0 6.339484173535903  114329758.55928199 59988.456383240664
0.0 6.338851728729452  114329812.58704582 65232.86325419157
0.0 6.338171574350985  114329873.78039294 70789.27508779084
0.0 6.337443151090385  114329943.0137858 76606.92771564254
0.0 6.3366621747405745  114330021.38625088 82694.32796879117
0.0 6.335811014157079  114330109.86490914 89172.91053946626
0.0 6.334896408204808  114330210.59850328 96035.76980808435
0.0 6.333915631278784  114330324.03888768 103290.90477313948
0.0 6.3328772397065904  114330452.01830298 110897.39069685806
0.0 6.33176138953124  114330597.1336691 118949.40778224383
0.0 6.330578955257177  114330759.87682435 127342.21327923612
0.0 6.32933397010268  114330943.82069017 136098.4004364836
0.0 6.328000146140375  114331152.20221737 145363.20267197586
0.0 6.326593408933723  114331384.9564909 154978.5322234423
0.0 6.32510293458082  114331647.44524375 165064.59654632022
0.0 6.323540228694494  114331942.81327577 175521.87696326207
0.0 6.321884063708216  114332274.34523655 186447.2793072727
0.0 6.320150996736691  114332648.96120465 197806.48271381072
0.0 6.318331390682657  114333071.34821492 209613.91529369334
0.0 6.316411694327743  114333547.45964564 221920.3731124513
0.0 6.314386772475636  114334084.33117929 234772.96687719485
0.0 6.3122600527567405  114334688.42998736 248138.4582623752
0.0 6.310013875932963  114335369.65489364 262202.86115311494
0.0 6.307644981709825  114336139.31451079 276986.7206981214
0.0 6.305163737727019  114337009.14388277 292399.56286743464
0.0 6.302514446105754  114337987.9063532 308848.4355971638
0.0 6.299737201234162  114339098.30289097 325973.6799508203
0.0 6.2967926874514015  114340359.30866788 344101.56315116613
0.0 6.293677107313804  114341780.69588229 363160.52475237305
0.0 6.2903748178184395  114343366.34125929 383165.04357545066
0.0 6.286875567856297  114345132.67644338 404337.9594638444
0.0 6.283167892504784  114347126.3285307 426617.8806353239
0.0 6.279226862262988  114349389.03255816 450137.75589581905
0.0 6.275055973594063  114351953.36061119 474820.88293943816
0.0 6.2706275658448  114354861.18797365 500839.3717928905
0.0 6.26595241936398  114358123.39767313 528106.9281969231
0.0 6.2609989106686825  114361794.01616651 556625.652094201
0.0 6.255729813379415  114366010.94506884 586875.4175487893
0.0 6.2501265235475385  114370756.8770467 618898.8848937909
0.0 6.244186389072242  114376131.26111756 652615.4736245262
0.0 6.237883507454202  114382227.1573172 688105.8200665283
0.0 6.231165047789404  114389176.54242662 725837.1607059592
0.0 6.224027975075283  114397118.56865495 765852.6689981725
0.0 6.216429040981491  114406199.46828192 808358.8118077626
0.0 6.20831836203552  114416470.13245551 853595.2963720496
0.0 6.199655859657802  114428236.69520128 901625.3156827497
0.0 6.1904167437155  114441695.02897817 952664.5701189619
0.0 6.1805310864207375  114457096.92742611 1007315.6205359399
0.0 6.1699210236765545  114474717.62272735 1065899.5325957257
0.0 6.158520011473959  114494979.65159562 1128857.6022130419
0.0 6.146283141241803  114518246.44591258 1196388.5587106443
0.0 6.13315984828231  114545030.64154308 1268657.6109643262
0.0 6.119022588390383  114575872.01088461 1346771.0903922033
0.0 6.103814180911719  114611368.83907185 1431224.0492289816
0.0 6.087382752189016  114652539.29365495 1523109.5662483764
0.0 6.069648944007992  114700188.22334704 1623233.2479144637
0.0 6.050407410339282  114755498.60645624 1733385.3254787535
0.0 6.029547520197534  114819726.09757629 1854243.8522638618
0.0 6.006920289109837  114894461.61491506 1987141.1340258627
0.0 5.982380089880411  114981592.0153914 2134022.498249048
0.0 5.955777074649367  115083462.48378024 2297259.315236935
0.0 5.92668646377591  115202681.95522597 2480819.262665966
0.0 5.895026955469124  115342066.01736264 2687468.827220502
0.0 5.860431966381567  115504640.35865332 2921428.035334822
0.0 5.822569506827844  115694898.9910718 3187539.145128897
0.0 5.781028009631901  115917446.75236918 3491374.5745384693
0.0 5.73559121684202  116177029.79491164 3838897.605080127
0.0 5.685656745632633  116481517.76987883 4239611.493730472
0.0 5.631154128182757  116835615.74514183 4699564.430715715
0.0 5.571003444165886  117253094.48955037 5238688.761885694
0.0 5.505189767409162  117742402.04131907 5865761.5824116375
0.0 5.433458455859545  118310714.62288658 6592274.096316411
0.0 5.35545593849185  118973860.85373373 7438768.197519508
0.0 5.270771928164551  119746359.39420216 8425620.517101202
0.0 5.17938760554107  120644002.23296784 9574785.503219929
0.0 5.080614515013831  121684969.29590558 10919050.45258175
0.0 4.975148798119288  122886979.39171304 12475229.732501794
0.0 4.862211381376987  124283442.50475024 14293170.332474276
0.0 4.742571946118872  125895739.75759302 16401174.946192427
0.0 4.6160193907826335  127756296.56570196 18848036.93149608
0.0 4.483596867023629  129893484.93939678 21666880.731461745
0.0 4.34558019035705  132344441.8479609 24913071.473688956
0.0 4.202269644205548  135153336.82088843 28638473.66225545
0.0 4.053984574089186  138365030.60363463 32921992.789428134
0.0 3.9013655992945075  142026778.53293794 37833955.98211518
0.0 3.7461350770031783  146161877.7280232 43414947.908497885
0.0 3.5878381465009124  150819537.80372107 49775331.4507175
0.0 3.4274110596298364  156036659.80188426 56989492.21460625
0.0 3.265686864364266  161832917.48094434 65125658.644651406
0.0 3.1029658956111232  168202584.1979532 74252310.69203913
0.0 2.9403775342029523  175103132.8251888 84442386.51859313
0.0 2.7789405729278682  182393003.3838414 95647878.23924597
0.0 2.61940643724052  189881882.51596308 107787182.50550531
0.0 2.4627503328398395  197301928.9685052 120692715.90215708
0.0 2.3107559851677895  204233693.44572574 133908965.53282273
0.0 2.1643432085551253  210262915.7401324 146930260.65211615
0.0 2.02517234367064  215002850.8835174 159045603.58592656
0.0 1.8933743507613399  218202484.0631372 169670735.56929183
0.0 1.7694484773883428  219881055.89751768 178356414.86485225
0.0 1.654072902425633  220337191.05503455 184893494.14777887
0.0 1.546440981982946  220118221.6284155 189620537.33230004
0.0 1.445330086016506  219772919.86383367 193067736.90964493
0.0 1.3506567859265353  219776165.19529077 195837108.5757227
0.0 1.2610101150330097  220504757.03168347 198519747.51910734
0.0 1.1754630886216708  222245396.93928012 201629086.21137857
0.0 1.0944672680004888  225170543.90161777 205563475.74670306
0.0 1.016833828165862  229276060.513494 210589900.36661857
0.0 0.9409296862500516  234425890.45108008 216709227.58345565
0.0 0.8669141741139055  240443053.36167216 223851922.20002
0.0 0.7945610532460445  246991353.4762887 231753963.23882312
0.0 0.7235220402398517  253678426.0672284 239969760.79201385
0.0 0.653847982808266  260234227.90834025 248135311.76041788
0.0 0.5853101432787546  266474281.37368625 255999247.64510894
0.0 0.5177014281061149  272237185.432835 263308999.73995766
0.0 0.45211403191642024  277520540.32660747 269962220.89384085
0.0 0.3892791393509326  282458822.7909287 276057246.79340106
0.0 0.33009001372421065  287222742.4659755 281757832.5293853
0.0 0.27520137343597595  292014062.72049683 287267904.0837015
0.0 0.22514257954605119  297166920.19714016 292935633.2083883
0.0 0.1810518671924154  302999550.73908263 299118144.3381724
0.0 0.14361358878804265  309830331.09357077 306178358.4521086
0.0 0.11380280627353424  317913392.76613605 314402162.13465554
0.0 0.09074259607130333  327607407.0432424 324172260.9757708
0.0 0.07277152988933261  339350261.5595622 335945804.3926042
0.0 0.0602708640864235  353395261.10918164 349986718.96659636
0.0 0.05084981658221911  370427059.6776255 366961896.89966893
0.0 0.043860056080478355  391208350.8889818 387618848.1048877
0.0 0.03927583670325753  416598570.2993435 412835471.823036
0.0 0.03506972665914134  447937684.16412115 443961869.09402114
0.0 0.0315174443017104  486840840.1845259 482622009.5689999
0.0 0.028803595563491748  535604836.20676 531108373.87871695
0.0 0.02644931715535581  597676999.3508363 592923456.2203702
0.0 0.024362188074298862  676549939.0303314 671732340.2604897
0.0 0.02270506426120199  771004288.0665296 766372637.2583921
0.0 0.021308275959058914  878658652.0742005 874320702.9505401
0.0 0.02023807100608584  1001223477.6373768 997198429.5297258
0.0 0.01892358488811893  1141846355.13979 1138084771.3488874
0.0 0.016927517760466138  1301340873.8923004 1297810246.3765724
0.0 0.014910074411252293  1484266293.378861 1480941484.9848456
0.0 0.012070328813188662  1692356105.3049228 1689248947.9433837
0.0 0.009539882442612658  1930070996.141022 1927187309.6256015
0.0 0.007814445430184492  2201584793.5936646 2198896139.231242
0.0 0.006684708941247999  2512384579.9898667 2509885609.29426
0.0 0.006315481524606896  2866181804.8017044 2863852931.347351
0.0 0.00619550030988616  3270426717.6196485 3268249478.444704
0.0 0.006143333097910784  3728662088.995765 3726627704.7131495
0.0 0.006047531370467784  4250871490.3206606 4248977082.803873
0.0 0.005670005802992567  4847261958.738798 4845467065.266409
0.0 0.005280252768664859  5527748628.790352 5526025635.305825
0.0 0.004683952046839278  6303964193.073352 6302323834.247133
0.0 0.0033125891987141115  7189410574.594116 7187891386.851065
0.0 0.0018534637636783019  8200757859.744556 8199469499.77913
0.0 0.0008517204427567933  9354522942.388697 9353672116.336672
