201
0.0 6.3469999999999995  114243087.84723996 0.0
0.0 6.346999983519448  114243087.84734884 0.00044805192001322477
0.0 6.3469999654135165  114243087.84747455 0.0013910468070136809
0.0 6.346999938219453  114243087.84762318 0.003854541853787316
0.0 6.346999917087425  114243087.8478065 0.009204481406289308
0.0 6.3469998936970144  114243087.848044 0.021128886573573733
0.0 6.346999852335083  114243087.84837334 0.04537226722237495
0.0 6.346999818781745  114243087.84886 0.09506104999772387
0.0 6.346999770782918  114243087.8496241 0.1903635085773688
0.0 6.346999697294024  114243087.85087653 0.3643405505745141
0.0 6.346999588872435  114243087.85299157 0.7341662281041785
0.0 6.346999446825464  114243087.85650083 1.3293742202940486
0.0 6.346999177009496  114243087.8623865 2.444307359230872
0.0 6.34699878132691  114243087.87208255 4.371735267537149
0.0 6.346998322171891  114243087.8878176 7.291797787677917
0.0 6.346997323470701  114243087.91272846 12.725075456561472
0.0 6.346996076524566  114243087.9513134 20.897555312567505
0.0 6.346994276000652  114243088.01099558 32.86590795293531
0.0 6.34699048690503  114243088.09949692 61.87172552681716
0.0 6.346984446897587  114243088.2281521 89.13019052648762
0.0 6.346976828038032  114243088.41450459 143.26196926626625
0.0 6.346964890855633  114243088.67434888 225.311639807034
0.0 6.346950924237656  114243089.03360422 344.1124064480481
0.0 6.346933451060531  114243089.52392942 452.1399311095081
0.0 6.3469138211690606  114243090.17385685 591.6707353490227
0.0 6.346876116173233  114243091.0342032 847.1657205223476
0.0 6.346822433232594  114243092.15749496 1170.6768452268927
0.0 6.346750131952136  114243093.59471832 1559.056275222039
0.0 6.346691708296785  114243095.42718202 1956.2920829032655
0.0 6.3466154852061285  114243097.68375097 2532.404643398624
0.0 6.346522015521665  114243100.5163423 3349.6674951102354
0.0 6.346411609502949  114243104.00953946 4231.734336497443
0.0 6.346286190959733  114243108.23010124 5113.455919141028
0.0 6.346065887701417  114243113.29057452 6303.194975251912
0.0 6.34584789083767  114243119.34864111 7695.848808293808
0.0 6.345665953737006  114243126.62228633 9313.068938125263
0.0 6.345324782091065  114243135.28356363 12848.30089450289
0.0 6.345096738661613  114243145.45461729 14781.949381742093
0.0 6.344768756763674  114243157.19281693 17596.96457428811
0.0 6.344388454671467  114243171.01578313 19884.120888756614
0.0 6.343963135025982  114243187.00239998 22996.677020529372
0.0 6.34355121621557  114243205.64713886 25682.672221842913
0.0 6.3431359907743  114243226.93047403 28746.575842644786
0.0 6.342770952598195  114243251.26129034 31924.46197924536
0.0 6.342344649993662  114243279.015317 35512.83861024641
0.0 6.341881469908641  114243311.61018342 39359.52017152981
0.0 6.3413880165990095  114243348.24244334 43694.792509232335
0.0 6.340847602899875  114243390.13120848 48210.20786344325
0.0 6.340302381605546  114243437.45431437 52928.01228455576
0.0 6.339619500563785  114243491.35772012 58805.202274644915
0.0 6.338954458198711  114243552.76441756 64452.48430058892
0.0 6.33820753754544  114243620.91635066 70078.63995446984
0.0 6.337493191641394  114243698.95287521 75992.00701744824
0.0 6.336673191321621  114243787.6983735 82630.31733404231
0.0 6.335796258945907  114243886.90372813 89627.13839819397
0.0 6.334952757692701  114244001.54837449 95886.42867801388
0.0 6.333978481098731  114244130.58852826 103315.32489075186
0.0 6.332879083248583  114244275.13140722 111287.95975672791
0.0 6.331762459365553  114244437.17861123 119505.19480151398
0.0 6.33062994753835  114244620.3461345 127782.7271310435
0.0 6.3293306674615035  114244827.75557612 136799.76521614657
0.0 6.327966838298601  114245062.46390302 146520.14010617457
0.0 6.326561676679249  114245329.99745816 156150.99466142204
0.0 6.325001899123784  114245625.5621454 167167.87019020805
0.0 6.323395058168263  114245959.55989717 178096.6045563368
0.0 6.321701362212231  114246338.64670092 189075.7100353083
0.0 6.319911729070492  114246764.89918536 200980.35782419064
0.0 6.318021512106785  114247243.10546179 213450.4922770794
0.0 6.315894085049242  114247775.47062327 226503.67140154625
0.0 6.313447131724778  114248382.84337637 240283.8185227739
0.0 6.311191645738134  114249083.3671638 254770.48448444827
0.0 6.308856797547752  114249847.57447587 269689.153976701
0.0 6.306421115513633  114250716.72032563 285250.5875413459
0.0 6.303709853660785  114251709.15731604 301869.8113781122
0.0 6.300888664780318  114252825.6428125 318847.3112306774
0.0 6.298029095835747  114254084.83832102 336754.1553079047
0.0 6.294988884965294  114255494.88731056 355476.21784603957
0.0 6.291729941048827  114257063.6843921 375454.3552114163
0.0 6.288349652947647  114258819.61694707 395689.3541352066
0.0 6.284690522670477  114260810.62342703 418268.2803735441
0.0 6.280773484302232  114263067.55806667 442181.1320826392
0.0 6.27665739542052  114265630.56194134 466609.945664693
0.0 6.272353113253424  114268557.68404144 491916.309268928
0.0 6.267783971155655  114271879.09550892 518596.59033302515
0.0 6.263059860290333  114275547.54776311 545370.2128766676
0.0 6.2578015301306475  114279774.30859807 575463.8574390414
0.0 6.252226400102493  114284500.17601071 607865.6115939819
0.0 6.246073143235437  114289847.3811523 641633.6883246623
0.0 6.239751769142591  114295941.27177723 678170.3751830386
0.0 6.233055748490121  114302897.04254068 715488.3379339637
0.0 6.225863118213255  114310886.53154767 755635.8386795224
0.0 6.2182741388789875  114319980.44860476 797836.151140145
0.0 6.210258204471403  114330297.6453895 842431.3939198459
0.0 6.201509345988445  114341954.26535685 890659.5664342849
0.0 6.1923954544848945  114355162.86809227 941007.7269589704
0.0 6.1824340877080335  114370580.77151558 996609.791391763
0.0 6.171810269070467  114388161.31589727 1054670.855013878
0.0 6.1603531270772605  114408526.26393591 1118587.1773749143
0.0 6.148220810268008  114431779.35688831 1184906.214819129
0.0 6.1352103872623465  114458250.9654729 1257398.9101615741
0.0 6.120990227814644  114489352.91634078 1336968.0817105407
0.0 6.106002081835433  114524451.41258916 1420334.4783182854
0.0 6.089560703381327  114565825.63686733 1512447.1135296568
0.0 6.071764018770885  114613369.4763523 1613519.355788376
0.0 6.05252305802212  114667929.25698274 1721109.452160826
0.0 6.031468949964664  114732569.03510329 1843720.120865091
0.0 6.00879974814586  114807229.78832017 1978130.5903811015
0.0 5.984167840350009  114894615.75772718 2126481.8544404744
0.0 5.957767108190569  114995551.30658945 2286859.7844008124
0.0 5.928610862589481  115115347.93096016 2471901.3910662485
0.0 5.897245612623485  115253758.25572437 2676402.2263969295
0.0 5.862442199959687  115418125.01206508 2912432.8858615784
0.0 5.824874068161997  115606079.04846501 3174273.4565873956
0.0 5.7831701749848134  115829154.83084124 3480071.6294420697
0.0 5.7383372502109395  116087841.79399242 3823996.484509099
0.0 5.688209538793209  116392015.304145 4225687.301929081
0.0 5.633178821851459  116747882.09421615 4689172.772033769
0.0 5.572767667857324  117167879.67908509 5231684.272530161
0.0 5.506769482981477  117654779.14520216 5857757.1703812275
0.0 5.434740961572909  118228987.96489182 6589541.224792857
0.0 5.35671395295819  118896350.55325204 7439618.1879644375
0.0 5.272455717626659  119664988.02559756 8415651.524543991
0.0 5.180279173606706  120570632.19969928 9576533.612059407
0.0 5.082247518172184  121605337.98944934 10897902.745565983
0.0 4.977030144923938  122806230.23665285 12454502.994641023
0.0 4.863179926419955  124213029.41080613 14290231.372364553
0.0 4.743313474438751  125820910.53872155 16401461.57536992
0.0 4.616485908455192  127683899.6101898 18852839.49690478
0.0 4.485923085075156  129801548.27480838 21617627.710502915
0.0 4.348051778503199  132227872.94147626 24842252.046691142
0.0 4.203308000499734  135031934.9228992 28602654.290235605
0.0 4.054632940561562  138240545.81216127 32895157.79972086
0.0 3.9030061887246132  141886804.17612553 37786389.699065715
0.0 3.7473058711033387  146030543.46170652 43390156.86613483
0.0 3.588543318715365  150707303.4317643 49774070.553448245
0.0 3.427659126225031  155921376.78556398 56958484.529243305
0.0 3.266538799148825  161704213.4960101 65071032.08247548
0.0 3.1033489164439647  168086898.91063485 74252223.21228941
0.0 2.93955293059678  175006174.79571575 84473417.25859593
0.0 2.7791086778600174  182272393.33316767 95615590.27017966
0.0 2.618357872136457  189774628.41154417 107784501.97860238
0.0 2.4618291813725106  197193149.95559397 120651054.7244454
0.0 2.3110002646945706  204113741.870904 133830612.92690425
0.0 2.165421454722282  210125507.73087332 146811673.12395847
0.0 2.0259579560482277  214870133.10217178 159003997.8772428
0.0 1.894869613421399  218067345.3729593 169640181.79175544
0.0 1.769488833496792  219746949.75590152 178397053.5829066
0.0 1.653590155888657  220202797.1162514 185004875.2339564
0.0 1.5457977224179835  219981951.36292505 189706022.57415193
0.0 1.4462546166765782  219635351.96793365 193110616.04721454
0.0 1.3503062601678488  219643138.53762457 195902931.27531743
0.0 1.2615096551580494  220372629.46212375 198578217.29028365
0.0 1.1772682647887844  222103840.5433314 201623159.10728353
0.0 1.0948782798659162  225038480.91444355 205587999.08521193
0.0 1.0160409598051365  229148206.3479964 210621416.83860394
0.0 0.9401746682744221  234289763.05115935 216725161.13402316
0.0 0.8667590988746899  240305998.78787267 223893176.1289798
0.0 0.7937359903487148  246861137.01219317 231813838.22277352
0.0 0.7223130004729017  253557326.12917885 240035528.29266402
0.0 0.6524235490760284  260118533.50485793 248206543.36550176
0.0 0.5836176720306765  266359178.84113756 256040642.49751577
0.0 0.5172817524988815  272103098.7348477 263305140.42056984
0.0 0.4520807222201505  277383427.939534 269967855.7285241
0.0 0.3892204440514637  282331602.2274507 276086630.39949983
0.0 0.3296902476261777  287099749.7292956 281790656.30446947
0.0 0.2748769077234533  291890442.1158005 287296320.62385917
0.0 0.22491108226382334  297043022.8694199 292947302.9398618
0.0 0.18121632772785995  302875962.69152325 299124725.9880362
0.0 0.14442709179662555  309696674.53702205 306179775.70040715
0.0 0.11409360732090287  317801911.088411 314435627.8478862
0.0 0.09075536718220664  327487769.6855778 324185485.4551209
0.0 0.07305718109305252  339242090.41468745 335969110.5427602
0.0 0.06058459561485111  353285001.3486294 349996311.7690424
0.0 0.050779989307102556  370281760.89957345 366945318.8712662
0.0 0.04388531600025928  391051650.57636684 387622929.7358922
0.0 0.03866050312177163  416440743.70836645 412856549.02236503
0.0 0.03433532752037786  447838667.99681747 444008170.0042222
0.0 0.030189502026773195  486741834.4709571 482642139.19231856
0.0 0.028580715104036588  535521818.7264647 531126385.4311586
0.0 0.025824278504967466  597556067.3318832 592884292.6408861
0.0 0.023901585838265276  676447849.7015811 671745950.7376747
0.0 0.021517867600422874  770849735.169428 766371219.2369412
0.0 0.020309139385514333  878512841.1418847 874376089.1303357
0.0 0.019227594319447473  1001143088.2690555 997247784.2910836
0.0 0.017557412084259892  1141722789.6211467 1138063394.5258634
0.0 0.015806359886141586  1301245637.4751222 1297833319.5003147
0.0 0.01530151295767954  1484177697.6387146 1480935643.552555
0.0 0.012023554276692713  1692268933.8664842 1689234717.5936358
0.0 0.010467317719020538  1929989493.322194 1927170767.5547233
0.0 0.008404487625202073  2201469386.257981 2198870185.2459097
0.0 0.006376877265346837  2512281751.083894 2509898706.345543
0.0 0.006170612916567069  2866078463.4385724 2863857915.741024
0.0 0.005400606089878093  3270394344.658654 3268263282.800369
0.0 0.005321291627346434  3728613191.8993416 3726630569.769288
0.0 0.005204088563076514  4250859611.367552 4248999979.701898
0.0 0.00494941149462605  4847242913.865076 4845453590.4203415
0.0 0.004494176632465064  5527712757.444532 5526014686.808692
0.0 0.0037028463451449323  6303955339.367169 6302356049.023387
0.0 0.0029942681685347886  7189352900.281899 7187867983.008668
0.0 0.001121379495388044  8200723739.096262 8199573411.562695
0.0 0.0006405658752121339  9354504833.214664 9353654007.16264
