200
0 1.0598388278741362e-08 780.8 3.817690713253511e-10 -8.032708834110088e-06
1 1.1891587234605432e-08 780.8 3.8829078360964576e-10 -1.8047784265066523e-05
2 1.3342580328168952e-08 780.8 3.8766333604049607e-10 -3.712924798718829e-05
3 1.497062135621191e-08 780.8 3.8283763700414236e-10 -7.468968255834254e-05
4 1.6797313434036843e-08 780.8 3.9542388980036774e-10 -0.00014541851407637925
5 1.884689565568362e-08 780.8 4.235080415770365e-10 -0.0002707010499115715
6 2.1146564731980552e-08 780.8 4.688602425143528e-10 -0.0004890614838481556
7 2.3726835874373224e-08 780.8 5.439079982447228e-10 -0.000871420286471805
8 2.6621947713240617e-08 780.8 6.643104938111177e-10 -0.0014915072895280031
9 2.987031662371789e-08 780.8 8.908708998569017e-10 -0.002513432088592107
10 3.3515046487654186e-08 780.8 1.2162062703013367e-09 -0.004151976160300325
11 3.760450065593623e-08 780.8 1.63035592371524e-09 -0.006606778392885249
12 4.219294370077074e-08 780.8 2.3625812858830068e-09 -0.010289830828561693
13 4.7341261473588536e-08 780.8 3.217545025528083e-09 -0.015139901760813921
14 5.311776902330091e-08 780.8 4.805088893882467e-09 -0.02311004853130941
15 5.959911709549277e-08 780.8 6.707136679654414e-09 -0.03308699123481444
16 6.687130924124655e-08 780.8 8.752627462265375e-09 -0.045997751178564146
17 7.503084303201205e-08 780.8 1.1888419001734454e-08 -0.06393140858871987
18 8.418599052375152e-08 780.8 1.5177233503591275e-08 -0.08324924000794358
19 9.445823496133942e-08 780.8 2.0223531054596418e-08 -0.11363767805617496
20 1.0598388278741362e-07 780.8 2.496757164820689e-08 -0.14240998938400007
21 1.1891587234605436e-07 780.8 3.113514778240669e-08 -0.18329082991134835
22 1.3342580328168943e-07 780.8 3.710349808239834e-08 -0.21914872782517614
23 1.4970621356211916e-07 780.8 4.370375513149799e-08 -0.2654631589254733
24 1.679731343403686e-07 780.8 4.990751844472243e-08 -0.30997577433850987
25 1.8846895655683643e-07 780.8 5.757535062024711e-08 -0.3579344325725396
26 2.1146564731980535e-07 780.8 6.702827588811714e-08 -0.40769441848160837
27 2.3726835874373202e-07 780.8 7.063468649641837e-08 -0.45301910192499195
28 2.662194771324062e-07 780.8 7.974281497517033e-08 -0.4929902796159153
29 2.9870316623717906e-07 780.8 8.725259929373879e-08 -0.5643916207222488
30 3.351504648765425e-07 780.8 9.031136984686223e-08 -0.5751562264049578
31 3.760450065593624e-07 780.8 9.046829618042754e-08 -0.6076666310694976
32 4.2192943700770767e-07 780.8 9.306581428196059e-08 -0.6328323588901954
33 4.734126147358854e-07 780.8 9.498218511439251e-08 -0.6357411056830514
34 5.311776902330089e-07 780.8 9.430651310590541e-08 -0.6478907628847395
35 5.959911709549286e-07 780.8 9.19403128095211e-08 -0.667619575109107
36 6.687130924124662e-07 780.8 8.791505614751461e-08 -0.6444593053295193
37 7.503084303201209e-07 780.8 8.48300972902613e-08 -0.6647722736592175
38 8.418599052375149e-07 780.8 7.7830856835446e-08 -0.628852146912042
39 9.44582349613394e-07 780.8 7.333917118549684e-08 -0.611022542847015
40 1.0598388278741369e-06 780.8 6.778014222978467e-08 -0.5731671606025224
41 1.189158723460544e-06 780.8 6.387126702960619e-08 -0.5483655152803546
42 1.3342580328168946e-06 780.8 5.96503762803796e-08 -0.523691107758973
43 1.4970621356211894e-06 780.8 5.559561961133315e-08 -0.4872922855240783
44 1.6797313434036835e-06 780.8 5.1904219273093275e-08 -0.4559489476253432
45 1.8846895655683624e-06 780.8 4.936958929332111e-08 -0.43089365257730516
46 2.114656473198054e-06 780.8 4.62531108837255e-08 -0.3966099228946879
47 2.372683587437324e-06 780.8 4.4498108758425897e-08 -0.3793641118126981
48 2.662194771324063e-06 780.8 4.1911581813265536e-08 -0.3439620285770597
49 2.9870316623717897e-06 780.8 4.017158058389055e-08 -0.3245610397350646
50 3.3515046487654246e-06 780.8 3.834380674951642e-08 -0.30259368170175177
51 3.7604500655936247e-06 780.8 3.66394802195317e-08 -0.28191334453670813
52 4.219294370077079e-06 780.8 3.558958511087896e-08 -0.2671894721958982
53 4.734126147358854e-06 780.8 3.408359883725933e-08 -0.2519965873873599
54 5.311776902330092e-06 780.8 3.2574792771057016e-08 -0.23719891325565837
55 5.9599117095492826e-06 780.8 3.0737785544651504e-08 -0.22137383950850925
56 6.687130924124654e-06 780.8 2.9438610507473457e-08 -0.20860166102630565
57 7.503084303201217e-06 780.8 2.7802793321624327e-08 -0.19351496089934356
58 8.418599052375149e-06 780.8 2.6090091031855665e-08 -0.17964118448554586
59 9.445823496133936e-06 780.8 2.491207696069369e-08 -0.16914844540897828
60 1.059838827874136e-05 780.8 2.3416630106930275e-08 -0.15618289876395008
61 1.1891587234605442e-05 780.8 2.211240239682001e-08 -0.1457407539801056
62 1.3342580328168943e-05 780.8 2.0662776094035963e-08 -0.13436522005448948
63 1.4970621356211902e-05 780.8 1.9517088003140196e-08 -0.1248435405147222
64 1.6797313434036858e-05 780.8 1.8202320928229674e-08 -0.11537060546635718
65 1.884689565568364e-05 780.8 1.7032907765680367e-08 -0.1065727554957852
66 2.1146564731980553e-05 780.8 1.6015627597457243e-08 -0.0986981204683079
67 2.3726835874373233e-05 780.8 1.5056349545874963e-08 -0.09157381487499786
68 2.6621947713240622e-05 780.8 1.4093591501303884e-08 -0.0845686680626521
69 2.9870316623717916e-05 780.8 1.326646951615388e-08 -0.07904432139119687
70 3.351504648765423e-05 780.8 1.2469731159762303e-08 -0.07376999099942326
71 3.7604500655936265e-05 780.8 1.1640748128916034e-08 -0.06822849755307134
72 4.219294370077077e-05 780.8 1.1077485431871269e-08 -0.06468518590071444
73 4.734126147358859e-05 780.8 1.0349648374928775e-08 -0.05968074524787477
74 5.311776902330094e-05 780.8 9.779688300149239e-09 -0.05602038773388665
75 5.959911709549279e-05 780.8120710707707 9.222535764070572e-09 -0.05220958967185775
76 6.687130924124665e-05 780.9 8.712174482246108e-09 -0.0485930865400802
77 7.503084303201212e-05 780.9 8.227850427901505e-09 -0.04563104810444592
78 8.418599052375145e-05 780.9 7.769858707802582e-09 -0.04251220226927378
79 9.44582349613394e-05 780.9 7.360735109178438e-09 -0.03970241206410417
80 0.0001059838827874137 780.9 6.9428857583054026e-09 -0.0368190826206359
81 0.00011891587234605433 780.9091380024031 6.569903999902757e-09 -0.03428655082525202
82 0.00013342580328168954 781.0 6.181681772959624e-09 -0.03174091224432486
83 0.00014970621356211913 781.0 5.837465828071916e-09 -0.02928226740073864
84 0.0001679731343403685 781.007711442845 5.534108112216704e-09 -0.027342165847143527
85 0.00018846895655683633 781.1 5.245108889317075e-09 -0.025533864484194643
86 0.0002114656473198053 781.1068702230343 4.955730701455717e-09 -0.023645312132919954
87 0.0002372683587437322 781.2 4.6865210471567565e-09 -0.02185630606421663
88 0.0002662194771324061 781.2059243121371 4.452266332623193e-09 -0.02039894128957642
89 0.0002987031662371793 781.3055032039482 4.2153296478784216e-09 -0.01894338271025958
90 0.00033515046487654214 781.4100267231127 4.000037837266773e-09 -0.017594867359039756
91 0.0003760450065593628 781.6044553519812 3.8051224070991446e-09 -0.016404203339519044
92 0.0004219294370077082 781.7078813087678 3.6220528960447367e-09 -0.015162842345586281
93 0.00047341261473588593 781.90696406483 3.4430381806134792e-09 -0.014004862099435978
94 0.0005311776902330096 782.1091418654839 3.2833484275366967e-09 -0.013035920380119097
95 0.0005959911709549284 782.4077825965223 3.1407211111798988e-09 -0.012125662473197824
96 0.0006687130924124669 782.7083769800121 3.007840703326143e-09 -0.011264165580544385
97 0.0007503084303201216 783.1065655291409 2.8772776756475136e-09 -0.010407913400841486
98 0.0008418599052375149 783.5067501759701 2.750136471218473e-09 -0.009531873095699717
99 0.0009445823496133941 784.1040396709814 2.6404421902296684e-09 -0.008829099475239818
100 0.0010598388278741382 784.699167785925 2.5316004351021285e-09 -0.00814926624152859
101 0.0011891587234605452 785.4948229136033 2.4377364371508138e-09 -0.00752399305621675
102 0.001334258032816897 786.4948829849441 2.344841156262318e-09 -0.006938439664919755
103 0.0014970621356211922 787.5870021291665 2.267519897106622e-09 -0.006462823364760078
104 0.0016797313434036842 788.9751297867672 2.1909044550864206e-09 -0.005947931052926871
105 0.0018846895655683636 790.5589531638135 2.118082313778153e-09 -0.00544438707880354
106 0.0021146564731980557 792.4478238055251 2.047337804335509e-09 -0.00498489868728282
107 0.002372683587437325 794.8143318385041 1.978072861804661e-09 -0.004562907916173682
108 0.002662194771324063 797.490842063613 1.9278101506802417e-09 -0.00426378886437765
109 0.0029870316623717918 800.8448404026344 1.8698879687578426e-09 -0.003972865038357256
110 0.0033515046487654263 804.7039894841988 1.8210615281306668e-09 -0.003757660808455781
111 0.003760450065593632 809.1542985355238 1.776316066700288e-09 -0.003558616525429039
112 0.004219294370077078 814.1851640589099 1.7369749947963056e-09 -0.0033988819957597905
113 0.0047341261473588594 820.0050753731617 1.693242225307582e-09 -0.0032771613450334083
114 0.005311776902330097 826.5236368468011 1.6584862557605033e-09 -0.003195975674245101
115 0.005959911709549282 833.9273442402738 1.613350697037443e-09 -0.0031334490758450286
116 0.006687130924124662 842.1154290924588 1.5869088858414128e-09 -0.0032092812527449565
117 0.007503084303201218 851.2912745100016 1.5474890171409327e-09 -0.003239299957869511
118 0.00841859905237515 861.2715289870711 1.5032118587145082e-09 -0.0033152609258053595
119 0.009445823496133942 872.3038535983718 1.4568674508091332e-09 -0.0034244221021433397
120 0.010598388278741376 884.2444523658453 1.409655006229621e-09 -0.0035681455880915572
121 0.01189158723460545 897.3053064861008 1.355760943269662e-09 -0.003731536153674619
122 0.01334258032816896 911.2049882616096 1.3060207115994522e-09 -0.0040103364118686795
123 0.014970621356211926 925.9983857489029 1.24286148723109e-09 -0.004173709256987523
124 0.01679731343403685 941.8858851010716 1.1861763787118318e-09 -0.004426758231085055
125 0.018846895655683645 958.6785771036468 1.1199168420939012e-09 -0.004640200958793712
126 0.021146564731980566 976.4889594767735 1.0558016597699602e-09 -0.004891422204547475
127 0.023726835874373235 995.1901893633666 9.846304949436832e-10 -0.005068463435809345
128 0.026621947713240626 1014.9077548191933 9.146248299782359e-10 -0.005269947280821402
129 0.02987031662371793 1035.5544028420798 8.464271252986224e-10 -0.005413115703492154
130 0.033515046487654215 1057.215193032158 7.805645947788173e-10 -0.0056420306844742075
131 0.037604500655936304 1079.854082540895 7.16011427166935e-10 -0.005865380868961813
132 0.04219294370077081 1103.448586052856 6.490655220667843e-10 -0.006045712574044257
133 0.047341261473588574 1127.9706422286522 5.899074965579703e-10 -0.0063453494283136425
134 0.053117769023300954 1153.293055235896 5.328305520883472e-10 -0.00663281549791219
135 0.059599117095492836 1179.3434909053406 4.787253445203546e-10 -0.006926444253576712
136 0.06687130924124662 1206.0739074415092 4.292941226647724e-10 -0.007273540759213193
137 0.0750308430320121 1233.2650058634565 3.8229698748501654e-10 -0.0077347254604058745
138 0.0841859905237515 1260.5249085479566 3.383096577785028e-10 -0.008205632990386383
139 0.09445823496133936 1287.2898387276416 2.979648573138526e-10 -0.008685685076563652
140 0.10598388278741365 1312.9831508110965 2.607706708401639e-10 -0.00913117376289245
141 0.1189158723460546 1336.7016099923064 2.2549600878539064e-10 -0.009323546178378767
142 0.13342580328168963 1357.312576397464 1.9359333364808624e-10 -0.009245222436160933
143 0.14970621356211924 1374.161042933767 1.6400600422839178e-10 -0.008691554530947419
144 0.16797313434036862 1386.4130379918606 1.384268123533992e-10 -0.007798966485353319
145 0.18846895655683643 1393.980958181016 1.1600411892800345e-10 -0.006559189821656204
146 0.2114656473198057 1397.2532062799812 9.62554436130463e-11 -0.005073205265210119
147 0.23726835874373234 1397.4967164098687 8.002994361449493e-11 -0.0036776182080380895
148 0.266219477132406 1396.1949443674966 6.70053346202953e-11 -0.002513258527034154
149 0.2987031662371792 1394.6793229358402 5.591636581509718e-11 -0.0016337418455935689
150 0.33515046487654226 1394.003443343485 4.71895230479805e-11 -0.0010285998361473537
151 0.3760450065593626 1394.9308039996006 4.0134359802295094e-11 -0.0006421245926300579
152 0.42192943700770824 1398.0783549606165 3.386678974000438e-11 -0.0004219946875514175
153 0.4734126147358859 1403.6031559355063 2.8930787221659365e-11 -0.00034318450513154766
154 0.5311776902330093 1411.2108023357375 2.52102351489406e-11 -0.0003220015900223898
155 0.5959911709549288 1420.584860006753 2.1909585939841408e-11 -0.00033317250571279273
156 0.6687130924124671 1431.1401683085548 1.9088363216511825e-11 -0.0003571469779323416
157 0.750308430320121 1442.0543416000157 1.6703533039488257e-11 -0.00035945189600289915
158 0.8418599052375154 1452.7188748214267 1.46009974045253e-11 -0.0003373413820862814
159 0.9445823496133939 1462.7828984177377 1.2800939114392994e-11 -0.0003032955243653185
160 1.0598388278741377 1471.9415810515416 1.1254186408923795e-11 -0.0002574892319073429
161 1.1891587234605436 1480.0929919654689 9.730425041405805e-12 -0.0002032308299327258
162 1.334258032816894 1487.40815915894 8.308302460073497e-12 -0.00015294964209023495
163 1.497062135621193 1494.1544976041412 6.975146698892833e-12 -0.00011038147824848586
164 1.6797313434036876 1500.5800031297572 5.764928085620852e-12 -7.54901111232665e-05
165 1.8846895655683653 1507.0903809049353 4.685886911057733e-12 -4.819593380030293e-05
166 2.114656473198053 1514.125801059774 3.678396470124802e-12 -2.9189810066098765e-05
167 2.372683587437319 1522.096822720272 2.783731162096195e-12 -1.7059596034682825e-05
168 2.6621947713240655 1531.3016201385544 1.975535315541497e-12 -9.32685383094827e-06
169 2.9870316623717934 1542.0440027971717 1.3619923972393543e-12 -4.493740378713296e-06
170 3.351504648765427 1554.7281174759403 9.459872110567563e-13 -1.6154471367076718e-06
171 3.7604500655936266 1569.5573972659345 5.864683322712319e-13 1.9164649957449592e-07
172 4.219294370077076 1586.86385947904 3.939223437808311e-13 2.367479134550148e-06
173 4.734126147358862 1607.1699903208746 2.6047960033328476e-13 4.633640179242353e-06
174 5.311776902330101 1630.9466264504151 1.5225684074296426e-13 5.765677749703716e-06
175 5.959911709549289 1658.8092320200203 1.2450650792564e-13 6.2966969463838405e-06
176 6.687130924124661 1691.4687498814392 9.371711278368615e-14 6.411290822993433e-06
177 7.503084303201211 1729.7173157183306 6.381122167203565e-14 6.528005227822421e-06
178 8.418599052375162 1774.739786200086 4.933660273836559e-14 5.387422905029003e-06
179 9.445823496133947 1827.743233547032 3.898169605854797e-14 1.19637902975786e-06
180 10.598388278741364 1887.3207826647842 2.758458025365046e-14 -3.095300684289055e-06
181 11.891587234605426 1950.3093689251527 2.0722493439755148e-14 -4.357303981199951e-06
182 13.342580328168953 2015.2874625652187 1.4150714802769923e-14 -4.1373131630031575e-06
183 14.970621356211923 2082.639546804759 1.549057096112596e-14 -3.104797105524163e-06
184 16.797313434036862 2152.153777787466 2.0964599204066416e-14 -2.4257229006088655e-06
185 18.84689565568364 2224.051917188509 1.8884816531275455e-14 -1.9266247816509587e-06
186 21.14656473198053 2298.415887524331 2.3691407161191745e-14 -1.815817315805754e-06
187 23.726835874373222 2375.2284308198896 1.881518786655235e-14 -1.6616222344453145e-06
188 26.621947713240626 2454.7120782822926 1.143432498336907e-14 -1.2924615639527995e-06
189 29.87031662371793 2537.058774458398 6.672499926590134e-15 -1.1203181142665909e-06
190 33.51504648765426 2622.1616671317074 1.943593165687763e-15 -8.953826847689215e-07
191 37.6045006559363 2710.0931082917045 5.628914812262946e-16 -7.113917319460516e-07
192 42.19294370077081 2800.7221006607137 2.1812681021597016e-16 -5.97319289405806e-07
193 47.34126147358862 2894.0665235225265 3.57013601100868e-16 -5.216357843702565e-07
194 53.11776902330098 2990.5845177769847 1.2538852413803772e-15 -3.3051851935644327e-07
195 59.59911709549286 3090.4212127529463 1.1537213422517964e-15 -2.1283362334253048e-07
196 66.87130924124668 3193.6370458584715 1.5731739872371833e-15 -2.1800861568041046e-07
197 75.03084303201227 3300.324900863822 3.2245105433529775e-15 -2.849117837455634e-07
198 84.18599052375151 3410.679622926945 3.0577646078318006e-15 -4.837260676695207e-07
199 94.45823496133944 3524.8303769431213 1.8709745371890216e-15 -8.171901863822952e-07
