200
0 1.0598388278741362e-08 780.8 8.649050935097385e-10 -8.076364860382425e-07
1 1.1891587234605432e-08 780.8 6.742990013405349e-11 -2.696180417167879e-06
2 1.3342580328168952e-08 780.8 2.453952029510335e-11 -3.156040262058324e-05
3 1.497062135621191e-08 780.8 6.134372862294531e-11 -2.164884486940854e-05
4 1.6797313434036843e-08 780.8 3.07160886531977e-11 -3.646422198249111e-05
5 1.884689565568362e-08 780.8 1.187638124523987e-10 -6.489027914067719e-05
6 2.1146564731980552e-08 780.8 2.705342517640835e-10 -8.378985345460928e-05
7 2.3726835874373224e-08 780.8 1.3590294812930838e-10 -0.0009385150636021789
8 2.6621947713240617e-08 780.8 8.819333787250702e-11 -0.000426870926446911
9 2.987031662371789e-08 780.8 1.5032502463407554e-10 -0.0003644179341024084
10 3.3515046487654186e-08 780.8 3.544351202287526e-10 -0.003451701050736861
11 3.760450065593623e-08 780.8 1.8536592794453392e-10 -0.001137743787267923
12 4.219294370077074e-08 780.8 1.3925759908942725e-08 -0.0023849664902770742
13 4.7341261473588536e-08 780.8 5.424975626016662e-10 -0.004929775382821511
14 5.311776902330091e-08 780.8 1.5920527404325186e-09 -0.004747040950683625
15 5.959911709549277e-08 780.8 6.974426973727477e-10 -0.00557726107327392
16 6.687130924124655e-08 780.8 1.4533072287954984e-09 -0.014980602036798886
17 7.503084303201205e-08 780.8 2.653439791029035e-08 -0.008742540226368627
18 8.418599052375152e-08 780.8 9.726831164492611e-09 -0.08378197899608526
19 9.445823496133942e-08 780.8 2.9413303083536452e-09 -0.030312756453021963
20 1.0598388278741362e-07 780.8 5.240524225332244e-09 -0.07327228555832507
21 1.1891587234605436e-07 780.8 4.976280169633852e-09 -0.05649726553259127
22 1.3342580328168943e-07 780.8 3.1878038180148473e-09 -0.02264662510264757
23 1.4970621356211916e-07 780.8 3.23156943338684e-08 -0.5254324679779088
24 1.679731343403686e-07 780.8 5.779809804129421e-09 -0.04326223407352489
25 1.8846895655683643e-07 780.8 1.3357473669434827e-08 -0.1043637471965107
26 2.1146564731980535e-07 780.8 3.8660050444491715e-08 -0.14683990884050058
27 2.3726835874373202e-07 780.8 3.0928130606792724e-08 -0.07728637637404241
28 2.662194771324062e-07 780.8 7.474248203298516e-09 -0.06339952361573727
29 2.9870316623717906e-07 780.8 1.5113592798784638e-08 -0.1027278120390612
30 3.351504648765425e-07 780.8 3.990050572245163e-07 -0.6465498804557732
31 3.760450065593624e-07 780.8 9.1395400432534e-09 -0.08787643178032657
32 4.2192943700770767e-07 780.8 1.2082764159328721e-08 -0.10430281609077802
33 4.734126147358854e-07 780.8 4.560901075633535e-08 -0.6646288412529385
34 5.311776902330089e-07 780.8 2.1548013350586278e-08 -0.18940293965788915
35 5.959911709549286e-07 780.8 7.936995056873659e-08 -0.22115388867928854
36 6.687130924124662e-07 780.8 2.0789393744631357e-08 -0.23967976933399532
37 7.503084303201209e-07 780.8 5.574087155480182e-08 -0.5234182163059959
38 8.418599052375149e-07 780.8 1.8300237371403984e-07 -0.3277025516796731
39 9.44582349613394e-07 780.8 1.256269476467911e-08 -0.10406215357997155
40 1.0598388278741369e-06 780.8 1.9477887325369798e-07 -2.4264169267945417
41 1.189158723460544e-06 780.8 1.0711034737050452e-08 -0.0850839645951761
42 1.3342580328168946e-06 780.8 2.400460861742331e-08 -0.23609719176643384
43 1.4970621356211894e-06 780.8 1.5312796245787614e-08 -0.1100203975105528
44 1.6797313434036835e-06 780.8 1.4772111942568472e-08 -0.09412934795400563
45 1.8846895655683624e-06 780.8 4.749686686191944e-08 -0.49779487834126884
46 2.114656473198054e-06 780.8 2.3784988798274426e-08 -0.1344720099036681
47 2.372683587437324e-06 780.8 2.264690105198893e-08 -0.20150096303785112
48 2.662194771324063e-06 780.8 2.053133049412879e-08 -0.1660642382416255
49 2.9870316623717897e-06 780.8 2.0685669405850418e-08 -0.13975963538030586
50 3.3515046487654246e-06 780.8 2.999716840842659e-08 -0.18630365580628372
51 3.7604500655936247e-06 780.8 3.9232961727903615e-08 -0.25082291606697704
52 4.219294370077079e-06 780.8 2.363443008941439e-08 -0.1876927934316445
53 4.734126147358854e-06 780.8 2.1899521667567815e-08 -0.20230015339445384
54 5.311776902330092e-06 780.8 3.553820862120493e-08 -0.34512027382052557
55 5.9599117095492826e-06 780.8 2.5091724866626813e-08 -0.09344470096430384
56 6.687130924124654e-06 780.8 2.425851451834682e-08 -0.14279168187723762
57 7.503084303201217e-06 780.8 1.375031386778415e-08 -0.08880329075941167
58 8.418599052375149e-06 780.8 3.800592440851762e-08 -0.2180978054954241
59 9.445823496133936e-06 780.8 1.2088888143060494e-08 -0.08290824759382845
60 1.059838827874136e-05 780.8 1.5185585593655632e-08 -0.09308310838457201
61 1.1891587234605442e-05 780.8 2.089562321153663e-08 -0.10778959531932394
62 1.3342580328168943e-05 780.8 1.7552412645567752e-08 -0.09806219904164853
63 1.4970621356211902e-05 780.8 2.3637803665514402e-08 -0.18785772804176495
64 1.6797313434036858e-05 780.8 1.4139319384808698e-08 -0.08181000079274606
65 1.884689565568364e-05 780.8 2.6242084356601325e-08 -0.08237916721100573
66 2.1146564731980553e-05 780.8 1.1205569171154362e-08 -0.06730571049062582
67 2.3726835874373233e-05 780.8 1.1965394571770882e-08 -0.06830786798968427
68 2.6621947713240622e-05 780.8 1.862489310110198e-08 -0.18881190350737576
69 2.9870316623717916e-05 780.8 1.8494094207386134e-08 -0.13363708842329133
70 3.351504648765423e-05 780.8 1.0526280705233925e-08 -0.04949628355549962
71 3.7604500655936265e-05 780.8 8.750116442162848e-09 -0.05050241704484092
72 4.219294370077077e-05 780.8 6.808590453850558e-09 -0.038477586662590865
73 4.734126147358859e-05 780.8 8.5797284744982e-09 -0.06260667508179973
74 5.311776902330094e-05 780.8 1.0071477023520733e-08 -0.07061527032985745
75 5.959911709549279e-05 780.8120710707707 8.194266069034213e-09 -0.04199693138552153
76 6.687130924124665e-05 780.9 1.0179326508986744e-08 -0.03755785156891895
77 7.503084303201212e-05 780.9 1.0776265901984875e-08 -0.0364764747544001
78 8.418599052375145e-05 780.9 6.510336525153898e-09 -0.033388417532829166
79 9.44582349613394e-05 780.9 5.215411150762257e-09 -0.024893969723623583
80 0.0001059838827874137 780.9 7.473447782927299e-09 -0.04471589884661127
81 0.00011891587234605433 780.9091380024031 7.129209751665186e-09 -0.05888832248633876
82 0.00013342580328168954 781.0 5.691984650285827e-09 -0.03549605972156231
83 0.00014970621356211913 781.0 4.293946312577696e-09 -0.02028161181735552
84 0.0001679731343403685 781.007711442845 5.174921351930512e-09 -0.030255165779069112
85 0.00018846895655683633 781.1 5.09525127876093e-09 -0.02627314072410168
86 0.0002114656473198053 781.1068702230343 4.126588019523923e-09 -0.017075616341042796
87 0.0002372683587437322 781.2 3.634403115353517e-09 -0.01569284470969495
88 0.0002662194771324061 781.2059243121371 4.1565917346167585e-09 -0.018573923951496735
89 0.0002987031662371793 781.3055032039482 3.9308669620556185e-09 -0.020974139192197882
90 0.00033515046487654214 781.4100267231127 4.251609597417467e-09 -0.015278761619065393
91 0.0003760450065593628 781.6044553519812 3.555169892867302e-09 -0.01628179349640299
92 0.0004219294370077082 781.7078813087678 3.918448345394317e-09 -0.022266893492885683
93 0.00047341261473588593 781.90696406483 3.188759308954971e-09 -0.01231598900435268
94 0.0005311776902330096 782.1091418654839 3.164420385461891e-09 -0.012480184152197489
95 0.0005959911709549284 782.4077825965223 3.5013415466471345e-09 -0.0100635866317342
96 0.0006687130924124669 782.7083769800121 3.1137630011846748e-09 -0.013372464923720231
97 0.0007503084303201216 783.1065655291409 2.81779102395764e-09 -0.01076502768683419
98 0.0008418599052375149 783.5067501759701 2.7845910498541773e-09 -0.008838054724464807
99 0.0009445823496133941 784.1040396709814 2.543747827147565e-09 -0.008621158011465414
100 0.0010598388278741382 784.699167785925 2.4559623910026367e-09 -0.007448278780228378
101 0.0011891587234605452 785.4948229136033 2.5122429107452264e-09 -0.008402032563719863
102 0.001334258032816897 786.4948829849441 2.4298590737080856e-09 -0.006626979293502272
103 0.0014970621356211922 787.5870021291665 2.106460208861823e-09 -0.005958229686056481
104 0.0016797313434036842 788.9751297867672 2.0987552384364593e-09 -0.005442575439877154
105 0.0018846895655683636 790.5589531638135 2.032456568035147e-09 -0.004879597856820651
106 0.0021146564731980557 792.4478238055251 1.940231764455693e-09 -0.004171089969272946
107 0.002372683587437325 794.8143318385041 1.916557443506784e-09 -0.004182616867011064
108 0.002662194771324063 797.490842063613 1.914670702697733e-09 -0.004125723812596063
109 0.0029870316623717918 800.8448404026344 1.861533573089372e-09 -0.0030997003946330636
110 0.0033515046487654263 804.7039894841988 1.8771115599283817e-09 -0.004373364539484054
111 0.003760450065593632 809.1542985355238 1.7877963698874591e-09 -0.0035532400150346394
112 0.004219294370077078 814.1851640589099 1.8527670174369277e-09 -0.003608751190814591
113 0.0047341261473588594 820.0050753731617 1.7151357685881008e-09 -0.003465797867720882
114 0.005311776902330097 826.5236368468011 1.5998742530630528e-09 -0.0027986232494777294
115 0.005959911709549282 833.9273442402738 1.6466501744536918e-09 -0.003386037594021015
116 0.006687130924124662 842.1154290924588 1.585448916167676e-09 -0.0034445287572150256
117 0.007503084303201218 851.2912745100016 1.4693251267520376e-09 -0.002684757425415512
118 0.00841859905237515 861.2715289870711 1.4587844317855077e-09 -0.0032830538532395083
119 0.009445823496133942 872.3038535983718 1.4710568395512604e-09 -0.003576078713490315
120 0.010598388278741376 884.2444523658453 1.4574171408630108e-09 -0.0037522517356317867
121 0.01189158723460545 897.3053064861008 1.3824089746242833e-09 -0.004047101304032602
122 0.01334258032816896 911.2049882616096 1.2816907177355125e-09 -0.00347741917226721
123 0.014970621356211926 925.9983857489029 1.2718176002717924e-09 -0.004715679604937373
124 0.01679731343403685 941.8858851010716 1.211943250955789e-09 -0.004745107641280305
125 0.018846895655683645 958.6785771036468 1.143116180524184e-09 -0.004945452225735236
126 0.021146564731980566 976.4889594767735 1.0756717685368138e-09 -0.005169504533135012
127 0.023726835874373235 995.1901893633666 1.0154277205783296e-09 -0.004858814629054896
128 0.026621947713240626 1014.9077548191933 8.919118030710556e-10 -0.004918454461743013
129 0.02987031662371793 1035.5544028420798 8.354358336437602e-10 -0.005029844088222704
130 0.033515046487654215 1057.215193032158 7.763754623418004e-10 -0.005723707210223669
131 0.037604500655936304 1079.854082540895 7.252359137258016e-10 -0.006311080330031843
132 0.04219294370077081 1103.448586052856 6.586476707656948e-10 -0.006173883912411786
133 0.047341261473588574 1127.9706422286522 5.898111137245431e-10 -0.0064148615568603035
134 0.053117769023300954 1153.293055235896 5.318041252644459e-10 -0.006487413533120388
135 0.059599117095492836 1179.3434909053406 4.785197656440015e-10 -0.006910195084464205
136 0.06687130924124662 1206.0739074415092 4.2820109763235315e-10 -0.0070750358249488795
137 0.0750308430320121 1233.2650058634565 3.862336941409088e-10 -0.00795186156063143
138 0.0841859905237515 1260.5249085479566 3.3682650234040454e-10 -0.008278571703984062
139 0.09445823496133936 1287.2898387276416 2.938755950775741e-10 -0.008499942634263064
140 0.10598388278741365 1312.9831508110965 2.640729343056881e-10 -0.00920019482015373
141 0.1189158723460546 1336.7016099923064 2.231783215137021e-10 -0.009270030176553245
142 0.13342580328168963 1357.312576397464 1.9272860407141168e-10 -0.009061357114635906
143 0.14970621356211924 1374.161042933767 1.6716604273583754e-10 -0.008843815003674793
144 0.16797313434036862 1386.4130379918606 1.4353515698173088e-10 -0.008291097394402619
145 0.18846895655683643 1393.980958181016 1.2195071146988502e-10 -0.00679268563667215
146 0.2114656473198057 1397.2532062799812 9.321943840631798e-11 -0.0048849944588995305
147 0.23726835874373234 1397.4967164098687 8.166792562372172e-11 -0.0037416553547952656
148 0.266219477132406 1396.1949443674966 6.530147843658184e-11 -0.0025016929753403695
149 0.2987031662371792 1394.6793229358402 5.7467603721374695e-11 -0.001701494053831627
150 0.33515046487654226 1394.003443343485 4.694137524652516e-11 -0.0009806285925996246
151 0.3760450065593626 1394.9308039996006 4.000700445172798e-11 -0.0006069260630514135
152 0.42192943700770824 1398.0783549606165 3.357272782840899e-11 -0.0004202190102283008
153 0.4734126147358859 1403.6031559355063 3.034438944187226e-11 -0.0003410732579047753
154 0.5311776902330093 1411.2108023357375 2.4895560163773456e-11 -0.0003034105405547176
155 0.5959911709549288 1420.584860006753 2.1794458217738673e-11 -0.0003311954863458519
156 0.6687130924124671 1431.1401683085548 1.9217931987765295e-11 -0.0003379677120666871
157 0.750308430320121 1442.0543416000157 1.6198135496980154e-11 -0.00034566961405819855
158 0.8418599052375154 1452.7188748214267 1.4235000633934867e-11 -0.00032110411088949285
159 0.9445823496133939 1462.7828984177377 1.2727696723167971e-11 -0.0002999635178881428
160 1.0598388278741377 1471.9415810515416 1.1843419014418434e-11 -0.00026121917371654254
161 1.1891587234605436 1480.0929919654689 9.524483360584037e-12 -0.00019759752211660127
162 1.334258032816894 1487.40815915894 8.847992008759096e-12 -0.00015335229759128467
163 1.497062135621193 1494.1544976041412 6.8754204366021856e-12 -0.00010751556924018382
164 1.6797313434036876 1500.5800031297572 5.838223507783154e-12 -6.887283251600343e-05
165 1.8846895655683653 1507.0903809049353 4.6896942162740854e-12 -4.540040139590975e-05
166 2.114656473198053 1514.125801059774 3.1972005085319383e-12 -2.468485924253941e-05
167 2.372683587437319 1522.096822720272 2.4483913735747228e-12 -1.5884869991591062e-05
168 2.6621947713240655 1531.3016201385544 2.120336247446244e-12 -9.077569959305712e-06
169 2.9870316623717934 1542.0440027971717 1.513102489918512e-12 -3.374250178323883e-06
170 3.351504648765427 1554.7281174759403 9.451967172828885e-13 1.4428445729420856e-06
171 3.7604500655936266 1569.5573972659345 6.162983843042475e-13 -7.259288137214303e-07
172 4.219294370077076 1586.86385947904 4.643616372312489e-13 -1.4637721632107837e-06
173 4.734126147358862 1607.1699903208746 2.344653647757026e-13 3.183385964996826e-06
174 5.311776902330101 1630.9466264504151 1.527827202283323e-13 1.7655796140925797e-06
175 5.959911709549289 1658.8092320200203 4.759095114253069e-14 2.796866136819028e-06
176 6.687130924124661 1691.4687498814392 1.687947927144712e-13 8.551174163828778e-06
177 7.503084303201211 1729.7173157183306 3.6998330202903164e-14 6.156561994721771e-06
178 8.418599052375162 1774.739786200086 2.0582923025902314e-14 4.855729119409196e-06
179 9.445823496133947 1827.743233547032 2.0986991692758805e-14 1.5322688893565135e-06
180 10.598388278741364 1887.3207826647842 5.936129768988451e-14 3.142598352069238e-06
181 11.891587234605426 1950.3093689251527 4.2295477528765854e-14 -2.7686380816106303e-06
182 13.342580328168953 2015.2874625652187 3.2402129061551605e-14 -6.8130945374710494e-06
183 14.970621356211923 2082.639546804759 2.0898713406958554e-14 -2.606973597678344e-06
184 16.797313434036862 2152.153777787466 1.0784211742337114e-15 -2.4714055350469583e-06
185 18.84689565568364 2224.051917188509 7.285538689489452e-15 -1.920050895661176e-06
186 21.14656473198053 2298.415887524331 1.90711807198755e-14 -1.388617674949389e-06
187 23.726835874373222 2375.2284308198896 2.3283799904803826e-14 -9.785920986073848e-07
188 26.621947713240626 2454.7120782822926 5.465353609830406e-17 -1.7955482701532126e-06
189 29.87031662371793 2537.058774458398 9.116645134356574e-17 -1.2086062309796647e-06
190 33.51504648765426 2622.1616671317074 6.011886648466975e-17 -8.401982136374349e-07
191 37.6045006559363 2710.0931082917045 1.445463133645027e-15 8.706065573338363e-08
192 42.19294370077081 2800.7221006607137 4.1497981527024724e-17 -5.802878880413311e-07
193 47.34126147358862 2894.0665235225265 5.948751291049007e-17 -9.104106517431857e-07
194 53.11776902330098 2990.5845177769847 6.092633757360218e-15 5.559212079150893e-07
195 59.59911709549286 3090.4212127529463 6.275439808070914e-17 -1.4997656325293306e-07
196 66.87130924124668 3193.6370458584715 1.0116446901386637e-16 -3.8938542470866783e-07
197 75.03084303201227 3300.324900863822 8.845413496889212e-17 -2.476061248997898e-07
198 84.18599052375151 3410.679622926945 2.51374923338504e-16 -5.923273062184749e-07
199 94.45823496133944 3524.8303769431213 1.314049158367678e-20 -2.763213916178899e-07
