201
0.0 6.3469999999999995  116708992.58882423 0.0
0.0 6.346999970262824  116708992.58893509 0.000623412530115194
0.0 6.346999936890958  116708992.58906305 0.0020394029913504727
0.0 6.34699989926361  116708992.58921461 0.0052004022427873395
0.0 6.346999856382755  116708992.5894015 0.012104544624890272
0.0 6.346999806776234  116708992.58964373 0.026861580866316577
0.0 6.346999748145484  116708992.58997852 0.057535628147040566
0.0 6.346999676359465  116708992.59047298 0.11948859693955129
0.0 6.346999584213488  116708992.59124713 0.2412609360949587
0.0 6.346999459214114  116708992.59250686 0.47425125479933095
0.0 6.346999280167737  116708992.59460258 0.9076394476914331
0.0 6.346999012000336  116708992.59810655 1.6910938635331378
0.0 6.346998598011512  116708992.60393749 3.0686999048017567
0.0 6.34699794953803  116708992.61353773 5.424211850578094
0.0 6.346996931755495  116708992.62912042 9.343206621116257
0.0 6.346995342544995  116708992.65386662 15.704341393095245
0.0 6.34699289220411  116708992.69245821 25.769336566341718
0.0 6.3469891883022225  116708992.7509407 41.25034724219706
0.0 6.346983694732865  116708992.83788893 64.48400611420115
0.0 6.346975709238819  116708992.96446297 98.5308242487743
0.0 6.346964339415006  116708993.14516562 147.2819102816236
0.0 6.346948472970681  116708993.3982943 215.5998731928332
0.0 6.346926755989508  116708993.74732083 309.43612178390964
0.0 6.346897606385764  116708994.22024773 435.8114950354718
0.0 6.346859175597633  116708994.85229915 603.0536840494437
0.0 6.346809411853444  116708995.6852114 820.6335770265367
0.0 6.346746312577562  116708996.76813471 1098.221725127301
0.0 6.346667736472437  116708998.15495464 1446.7714372118164
0.0 6.346571602094149  116708999.91071138 1878.0416605082594
0.0 6.346456071233968  116709002.10878687 2404.2473056908284
0.0 6.346319659261922  116709004.8453732 3038.1029778397474
0.0 6.346161388359478  116709008.21785805 3792.5604040704357
0.0 6.345980893212761  116709012.33357418 4680.615240523757
0.0 6.345778529660437  116709017.30323362 5714.849523234349
0.0 6.34555530343542  116709023.27815223 6907.47470217925
0.0 6.345312749275536  116709030.40912057 8270.13147945113
0.0 6.345051233886588  116709038.84878999 9833.692433288319
0.0 6.3447719065326265  116709048.80062892 11614.483746073138
0.0 6.344476797791314  116709060.44047983 13618.482378469751
0.0 6.344166023390439  116709074.01664862 15857.556862315841
0.0 6.343838522665379  116709089.7877465 18343.85517247168
0.0 6.343493131169999  116709107.98654805 21080.13356485556
0.0 6.343126498776845  116709128.97098939 24076.082108259412
0.0 6.34273573533387  116709153.06184669 27329.76825039507
0.0 6.342316369653383  116709180.68219577 30847.561892290818
0.0 6.341865617582334  116709212.20998797 34620.87960595041
0.0 6.34137915760181  116709248.2391473 38656.303193990214
0.0 6.34085518129475  116709289.26848823 42943.38686673113
0.0 6.340293050154698  116709335.83839665 47467.00353844156
0.0 6.339689797054527  116709388.81561863 52234.65274575968
0.0 6.339044706748965  116709448.92757332 57238.39627390526
0.0 6.33835755713699  116709516.92441323 62468.56464179308
0.0 6.337624211974924  116709594.0132565 67946.41497973555
0.0 6.3368419332696275  116709681.33042808 73682.46819348565
0.0 6.33600733126612  116709780.11871609 79692.48824090243
0.0 6.3351164697722435  116709891.79963437 85996.85482318493
0.0 6.334165025528357  116710017.9472517 92619.76780285413
0.0 6.3331494316661034  116710160.18684769 99581.5996648998
0.0 6.332067918931592  116710320.16615996 106892.81176763496
0.0 6.330913251741544  116710500.6154606 114602.04882782191
0.0 6.3296819601513405  116710704.10355549 122732.75505423562
0.0 6.328371124203029  116710933.55600573 131304.95804934652
0.0 6.326978528058904  116711191.97264041 140332.9752807816
0.0 6.325502446180597  116711483.04579774 149827.26349875433
0.0 6.323941534334473  116711810.89839776 159794.94625249002
0.0 6.322294798417003  116712180.2288187 170240.7102474098
0.0 6.320561216926663  116712596.41233423 181169.60338329466
0.0 6.318739471567527  116713065.34964064 192589.06751297344
0.0 6.316827544577338  116713593.83242969 204511.31933138473
0.0 6.314822209075014  116714189.89619417 216956.11377366376
0.0 6.312718991678748  116714862.20514937 229949.36902831445
0.0 6.310511557276993  116715620.28045478 243525.8081980295
0.0 6.308191490113419  116716475.76235321 257730.48052971895
0.0 6.30574835054196  116717441.56802806 272615.72522800096
0.0 6.3031696514599265  116718533.219271 288241.51378099516
0.0 6.3004415383374095  116719773.24625644 304673.49922160746
0.0 6.297548895631723  116721176.6482637 322004.6798433361
0.0 6.294475441388773  116722738.42779517 340312.3623031086
0.0 6.291206556878144  116724488.30928065 359652.9866803807
0.0 6.287727841896224  116726468.51024397 380104.69935065595
0.0 6.284025601879528  116728712.75688882 401761.9559771166
0.0 6.280086318592129  116731265.3398042 424717.2231820444
0.0 6.2758950315298385  116734169.21719053 449109.6619610174
0.0 6.271435335152628  116737440.40572444 475043.89668768167
0.0 6.266758097749515  116741105.93553479 501521.6861097905
0.0 6.2617852822703375  116745280.4511397 529634.993342839
0.0 6.256492254886325  116750005.07987802 559533.8736219084
0.0 6.250857028876516  116755362.6051266 591322.7357203191
0.0 6.244848436654198  116761449.35430782 625161.3456597509
0.0 6.238439326480772  116768394.74895445 661203.6687099026
0.0 6.231589431476186  116776345.50368498 699712.1182865151
0.0 6.22425577188285  116785422.5590939 740958.2668274572
0.0 6.216388407404853  116795757.81600948 785226.7227583253
0.0 6.207939007999064  116807560.6871666 832776.5925298814
0.0 6.19885110335542  116821094.37327483 883985.1329636442
0.0 6.189070756476818  116836600.49317056 939250.7755564527
0.0 6.178526079190633  116854358.13732918 998916.2271321168
0.0 6.167156946848312  116874718.31138067 1063253.7830747608
0.0 6.154879005623729  116898168.19461887 1132723.9954403504
0.0 6.141652358597829  116925192.36901018 1207580.053011233
0.0 6.127405963263199  116956394.99002469 1288327.2549871118
0.0 6.1120818030688016  116992473.4158456 1375142.5378446954
0.0 6.095564031182011  117034255.3114345 1468961.1362545984
0.0 6.07770892706368  117082642.75724348 1570733.7702018123
0.0 6.0584004218864465  117138769.03828178 1681348.8092794567
0.0 6.037493690267458  117203999.4166466 1802036.9502279032
0.0 6.014848607575759  117279844.64775562 1934210.6106628194
0.0 5.99029966460721  117368248.47224826 2079892.3662534128
0.0 5.96364409002751  117471539.56274709 2241683.465842534
0.0 5.934699526564826  117591960.66111533 2421587.5819605114
0.0 5.9031581496926755  117732844.80049689 2624975.3410122893
0.0 5.868814834953802  117896308.89362916 2853864.6254591583
0.0 5.831374469935293  118086592.27469604 3113379.333848755
0.0 5.790503719382543  118308508.95414329 3408691.1396447117
0.0 5.74597495010636  118567308.10626595 3745469.0652561234
0.0 5.697475051616178  118869469.34560566 4131648.7373039527
0.0 5.644712107485682  119222125.19191612 4575743.267040918
0.0 5.587235198190393  119633969.29633638 5088369.59076363
0.0 5.524637742137565  120114184.76672813 5681870.8551280415
0.0 5.456500862509096  120672199.49270321 6369303.062467466
0.0 5.382231730664071  121322060.12538813 7171156.693829769
0.0 5.30155092921624  122077730.55467905 8106557.122681344
0.0 5.214089922276411  122954333.29674485 9197943.689627817
0.0 5.11955225870855  123967959.20348546 10469888.551988298
0.0 5.0173011191393835  125144770.91005221 11958201.996757686
0.0 4.90746079578677  126506892.63212945 13695045.752112182
0.0 4.789869209233312  128080006.82914376 15721132.12646246
0.0 4.664911474595672  129894100.63896222 18077768.65112052
0.0 4.5331704318897375  131981026.41324666 20810423.276113257
0.0 4.3954661539835005  134374013.71589014 23966870.961205255
0.0 4.251826398724662  137118482.51831937 27615283.447033256
0.0 4.103607396028196  140253905.76119015 31810764.393907107
0.0 3.95101352147101  143824589.9141281 36626172.39360035
0.0 3.795161780464081  147867210.7502123 42125026.03326847
0.0 3.6365909337739364  152423031.7813845 48387760.23947083
0.0 3.4760268226145414  157519610.89468572 55483592.45010962
0.0 3.3136175460974924  163192787.9524428 63515120.642585084
0.0 3.150094967993344  169437296.97664374 72555459.77003199
0.0 2.9866861269419704  176186712.273461 82625837.91984099
0.0 2.8239259865376365  183325324.51165226 93734288.94676802
0.0 2.6631813535544095  190675454.60389885 105812935.80043104
0.0 2.5056848562691854  197947370.948731 118643099.42654829
0.0 2.352645419628833  204759252.15020633 131861100.06617787
0.0 2.2054316643742307  210681340.39696884 144880490.68252355
0.0 2.0648290167111987  215348272.01353776 157078787.66814053
0.0 1.9314734564097984  218500327.0935055 167801399.5858329
0.0 1.805755743284494  220154588.8223981 176601567.35614735
0.0 1.688225187700314  220607962.79660645 183313380.18321022
0.0 1.5789414496786351  220397510.32435465 188218536.23974097
0.0 1.477590402616093  220064783.322464 191834590.95571688
0.0 1.3834301086050365  220079169.2595697 194762415.6844139
0.0 1.2955746094547627  220811487.46875733 197571057.38032
0.0 1.2128490739009612  222544141.08215344 200766879.8436886
0.0 1.1337983521477195  225463296.09115392 204803432.26772374
0.0 1.057527464663946  229550754.69032153 209898095.44658148
0.0 0.9832273350315874  234677143.56655866 216072157.75967574
0.0 0.910185922726221  240676224.3154479 223271591.04252118
0.0 0.8380182023429117  247200549.26967078 231216251.99970618
0.0 0.7665924253955452  253865308.59812817 239480850.21021783
0.0 0.6957679447196794  260408870.3861449 247707236.4432726
0.0 0.625493118000245  266634777.35793266 255623581.52435544
0.0 0.5559346681208169  272383272.11374325 262981222.39368093
0.0 0.4872011234688254  277660904.7918099 269696190.4867804
0.0 0.42035102244673306  282597869.7674818 275845773.0971052
0.0 0.3563652987895045  287365545.61084384 281594637.203563
0.0 0.2964634402456672  292162990.7152609 287135714.69962436
0.0 0.24183087239572504  297323865.325302 292822513.15515524
0.0 0.1936841851560873  303169457.96548146 299014696.6719376
0.0 0.15269159971699278  310009170.7098317 306072917.3211673
0.0 0.11906045593889772  318102266.7441599 314290610.2500255
0.0 0.09242887821248488  327807024.1539374 324047948.80060357
0.0 0.07224484287116846  339544291.9813613 335799704.3707167
0.0 0.05761985398927609  353603097.2174267 349843129.6944372
0.0 0.04744072053263656  370617134.8256391 366800796.6767075
0.0 0.04042288116310935  391386018.16996896 387474030.74471825
0.0 0.035440533069075644  416785691.60818094 412719031.5902206
0.0 0.03169577455431872  448137851.4355031 443852522.95018154
0.0 0.02874806937556861  487047645.2732036 482506982.3740945
0.0 0.02638509795144015  535766022.59318084 530972259.7494966
0.0 0.024489225747869055  597779799.2807481 592791567.8891946
0.0 0.023010425127418865  676620833.3952136 671643474.2810065
0.0 0.02192112746832685  771032802.5422697 766321572.697502
0.0 0.02108205351191656  878686943.9043677 874326221.9648923
0.0 0.020406383187251447  1001254945.0594769 997210350.8836585
0.0 0.01966169067894509  1141864430.597325 1138091186.8148456
0.0 0.01845260097525033  1301383569.0549986 1297829580.3556356
0.0 0.016287883890453284  1484307633.6582134 1480934903.9165094
0.0 0.012911040711993034  1692440890.074207 1689242934.5976462
0.0 0.009115354181747958  1930153816.0964122 1927137094.1098497
0.0 0.006777054695914794  2201664908.9694343 2198849600.9893813
0.0 0.006272635329328091  2512457700.0977583 2509844597.079052
0.0 0.006245533240394546  2866252451.7527213 2863821079.9856167
0.0 0.006225620579688987  3270483879.9027476 3268219511.2562866
0.0 0.006183998311835951  3728709126.2463202 3726608921.013502
0.0 0.00609866752052997  4250917012.355417 4248967894.076528
0.0 0.005928998881210217  4847286943.784065 4845453396.287098
0.0 0.005605528642471298  5527762335.066083 5526013360.306592
0.0 0.005027182805144671  6303984341.76856 6302316336.998907
0.0 0.004090753958003864  7189410517.261595 7187832282.723135
0.0 0.002790382084764978  8200714358.471719 8199348959.3088455
0.0 0.0013902615805247644  9354434997.404804 9353584171.35278
