200
0 1.0598388278741362e-08 780.8 2.6629989594984147e-10 -6.1832808120274295e-06
1 1.1891587234605432e-08 780.8 2.6632984241388664e-10 -1.4345731357072648e-05
2 1.3342580328168952e-08 780.8 2.6759473148814784e-10 -3.0310249639720333e-05
3 1.497062135621191e-08 780.8 2.7171421629730044e-10 -6.068886816026702e-05
4 1.6797313434036843e-08 780.8 2.800033766334881e-10 -0.00011723221778607928
5 1.884689565568362e-08 780.8 2.946950681947506e-10 -0.0002187291543626448
6 2.1146564731980552e-08 780.8 3.2115664975078157e-10 -0.00039525240272393093
7 2.3726835874373224e-08 780.8 3.667525315446942e-10 -0.0006938694195354221
8 2.6621947713240617e-08 780.8 4.4246006152950467e-10 -0.001184656166275535
9 2.987031662371789e-08 780.8 5.636037036489964e-10 -0.0019654232999720407
10 3.3515046487654186e-08 780.8 7.508262542150503e-10 -0.003168051215908874
11 3.760450065593623e-08 780.8 1.0313860146264277e-09 -0.004966475075867212
12 4.219294370077074e-08 780.8 1.43818798641832e-09 -0.007570878288085965
13 4.7341261473588536e-08 780.8 2.010233427020512e-09 -0.011230201611081224
14 5.311776902330091e-08 780.8 2.7964574387383443e-09 -0.016253461144713485
15 5.959911709549277e-08 780.8 3.842772822693205e-09 -0.022934446312907704
16 6.687130924124655e-08 780.8 5.179072710049172e-09 -0.0314673543971627
17 7.503084303201205e-08 780.8 6.852053297315899e-09 -0.042141873749681896
18 8.418599052375152e-08 780.8 8.88998641471509e-09 -0.05513092797304939
19 9.445823496133942e-08 780.8 1.1306616138037326e-08 -0.07051161434776398
20 1.0598388278741362e-07 780.8 1.41102500153716e-08 -0.08832314456773512
21 1.1891587234605436e-07 780.8 1.7294264593259832e-08 -0.10849789157062614
22 1.3342580328168943e-07 780.8 2.082239683361947e-08 -0.13077666472640398
23 1.4970621356211916e-07 780.8 2.4678542656443396e-08 -0.15502016692654716
24 1.679731343403686e-07 780.8 2.880512231513616e-08 -0.1808310242693756
25 1.8846895655683643e-07 780.8 3.3028660170696205e-08 -0.20708681776123788
26 2.1146564731980535e-07 780.8 3.7332606470648035e-08 -0.23366620665806712
27 2.3726835874373202e-07 780.8 4.164417233360761e-08 -0.2601235757510789
28 2.662194771324062e-07 780.8 4.5868539304117803e-08 -0.2858842307977499
29 2.9870316623717906e-07 780.8 4.992331746363069e-08 -0.3104830996185733
30 3.351504648765425e-07 780.8 5.3729398028187555e-08 -0.33348862437226195
31 3.760450065593624e-07 780.8 5.721695058446093e-08 -0.35454126407557546
32 4.2192943700770767e-07 780.8 6.03115261348401e-08 -0.3732496645249303
33 4.734126147358854e-07 780.8 6.295914127946469e-08 -0.3893470369853204
34 5.311776902330089e-07 780.8 6.511636047991008e-08 -0.40263772681045723
35 5.959911709549286e-07 780.8 6.682645434620443e-08 -0.4134423122407197
36 6.687130924124662e-07 780.8 6.808456082048297e-08 -0.421820949346698
37 7.503084303201209e-07 780.8 6.857855260207928e-08 -0.42592305157462007
38 8.418599052375149e-07 780.8 6.858420636148357e-08 -0.4275292323238304
39 9.44582349613394e-07 780.8 6.811986017382552e-08 -0.4268285658420285
40 1.0598388278741369e-06 780.8 6.698520289525273e-08 -0.4226164834772542
41 1.189158723460544e-06 780.8 6.543977858708684e-08 -0.41652598258473345
42 1.3342580328168946e-06 780.8 6.330932371919411e-08 -0.4073909941023928
43 1.4970621356211894e-06 780.8 6.088285374711318e-08 -0.3969227041964659
44 1.6797313434036835e-06 780.8 5.800363009794456e-08 -0.3839257811088421
45 1.8846895655683624e-06 780.8 5.502510834527084e-08 -0.3704637358881529
46 2.114656473198054e-06 780.8 5.1798823260027295e-08 -0.355240253483029
47 2.372683587437324e-06 780.8 4.838760377524538e-08 -0.3382879286247829
48 2.662194771324063e-06 780.8 4.5113954773176215e-08 -0.3214936883873413
49 2.9870316623717897e-06 780.8 4.1858021744954175e-08 -0.30371650287109603
50 3.3515046487654246e-06 780.8 3.866230938404301e-08 -0.2849940817219141
51 3.7604500655936247e-06 780.8 3.577136916801232e-08 -0.2670047445847787
52 4.219294370077079e-06 780.8 3.308758171010423e-08 -0.24905044847324775
53 4.734126147358854e-06 780.8 3.063002591271602e-08 -0.23139703173450404
54 5.311776902330092e-06 780.8 2.8403194172656958e-08 -0.21430255294961337
55 5.9599117095492826e-06 780.8 2.63987528507944e-08 -0.1979965101620919
56 6.687130924124654e-06 780.8 2.4583298718342856e-08 -0.18251795844407467
57 7.503084303201217e-06 780.8 2.291168416716434e-08 -0.16781063121797343
58 8.418599052375149e-06 780.8 2.149288285503992e-08 -0.15487913460896388
59 9.445823496133936e-06 780.8 2.0229454344386055e-08 -0.14314376089845973
60 1.059838827874136e-05 780.8 1.9105477911844677e-08 -0.1325765658318725
61 1.1891587234605442e-05 780.8 1.810288309371695e-08 -0.12310202433339527
62 1.3342580328168943e-05 780.8 1.7202908309763085e-08 -0.11461843508163651
63 1.4970621356211902e-05 780.8 1.6386494464631808e-08 -0.10701225413578226
64 1.6797313434036858e-05 780.8 1.563061256425663e-08 -0.10014110059776898
65 1.884689565568364e-05 780.8 1.4916016410828944e-08 -0.0938747878862314
66 2.1146564731980553e-05 780.8 1.4226021305800812e-08 -0.08808723941559256
67 2.3726835874373233e-05 780.8 1.3547943590854822e-08 -0.08266593403447886
68 2.6621947713240622e-05 780.8 1.2875069216395329e-08 -0.0775217803105448
69 2.9870316623717916e-05 780.8 1.2202975548462589e-08 -0.07257980883653849
70 3.351504648765423e-05 780.8 1.1533401399565e-08 -0.06780118188083022
71 3.7604500655936265e-05 780.8 1.0870441145700514e-08 -0.06316967104091684
72 4.219294370077077e-05 780.8 1.0219972522290927e-08 -0.058684241856507474
73 4.734126147358859e-05 780.8 9.587530786549701e-09 -0.054353366492664985
74 5.311776902330094e-05 780.8 8.979843381466393e-09 -0.050189796170221956
75 5.959911709549279e-05 780.8120710707707 8.403559039851562e-09 -0.04631651106987652
76 6.687130924124665e-05 780.9 7.864666178065437e-09 -0.04273719741490088
77 7.503084303201212e-05 780.9 7.360982028531721e-09 -0.03930714226563071
78 8.418599052375145e-05 780.9 6.895438454517772e-09 -0.03610358164388693
79 9.44582349613394e-05 780.9 6.467957081006229e-09 -0.03317830714335279
80 0.0001059838827874137 780.9 6.073986081445095e-09 -0.030491917887325484
81 0.00011891587234605433 780.9091380024031 5.7119848574608724e-09 -0.028103889054510698
82 0.00013342580328168954 781.0 5.381966906134266e-09 -0.02599153741236576
83 0.00014970621356211913 781.0 5.078130403006694e-09 -0.024039061308319072
84 0.0001679731343403685 781.007711442845 4.7975769641382746e-09 -0.02227774788437152
85 0.00018846895655683633 781.1 4.54088783706992e-09 -0.02072544148335492
86 0.0002114656473198053 781.1068702230343 4.303752740673242e-09 -0.019299158170767758
87 0.0002372683587437322 781.2 4.088740748178505e-09 -0.01799933623376739
88 0.0002662194771324061 781.2059243121371 3.890864568432352e-09 -0.01678408207373466
89 0.0002987031662371793 781.3055032039482 3.708512800450236e-09 -0.015672424301720618
90 0.00033515046487654214 781.4100267231127 3.5374991944867382e-09 -0.014652992414945932
91 0.0003760450065593628 781.6044553519812 3.377837563874938e-09 -0.013705921336217767
92 0.0004219294370077082 781.7078813087678 3.2258739753190884e-09 -0.012794360731029627
93 0.00047341261473588593 781.90696406483 3.0801977921620703e-09 -0.011926547376730011
94 0.0005311776902330096 782.1091418654839 2.942608632639425e-09 -0.011116876429034167
95 0.0005959911709549284 782.4077825965223 2.809999566421432e-09 -0.010372822682998521
96 0.0006687130924124669 782.7083769800121 2.6842164897963514e-09 -0.009686332368720565
97 0.0007503084303201216 783.1065655291409 2.571172709287608e-09 -0.009050422436301617
98 0.0008418599052375149 783.5067501759701 2.463514024250804e-09 -0.008457279321027062
99 0.0009445823496133941 784.1040396709814 2.3668276619752644e-09 -0.007887205117791354
100 0.0010598388278741382 784.699167785925 2.279956149900769e-09 -0.00736345048590094
101 0.0011891587234605452 785.4948229136033 2.201899683134576e-09 -0.006893438281589449
102 0.001334258032816897 786.4948829849441 2.1319996515697923e-09 -0.006445923549709074
103 0.0014970621356211922 787.5870021291665 2.0670250009391653e-09 -0.006042081903085109
104 0.0016797313434036842 788.9751297867672 2.0079091097437224e-09 -0.005652094682651366
105 0.0018846895655683636 790.5589531638135 1.9498684657395566e-09 -0.005264474779681351
106 0.0021146564731980557 792.4478238055251 1.8874785802517045e-09 -0.004826229287749273
107 0.002372683587437325 794.8143318385041 1.8304484087197529e-09 -0.004419898813676698
108 0.002662194771324063 797.490842063613 1.7735621798621986e-09 -0.004055566812127607
109 0.0029870316623717918 800.8448404026344 1.7289119518370823e-09 -0.00377890047773454
110 0.0033515046487654263 804.7039894841988 1.6816508042133848e-09 -0.003539692916161256
111 0.003760450065593632 809.1542985355238 1.6429041373953071e-09 -0.0033401347907577395
112 0.004219294370077078 814.1851640589099 1.606445452544653e-09 -0.0031813982005323253
113 0.0047341261473588594 820.0050753731617 1.573754806735704e-09 -0.0030822277079718655
114 0.005311776902330097 826.5236368468011 1.5417232502333552e-09 -0.0030222806190261155
115 0.005959911709549282 833.9273442402738 1.5105340364993919e-09 -0.0030423887838576633
116 0.006687130924124662 842.1154290924588 1.4798384305311411e-09 -0.003090808019051562
117 0.007503084303201218 851.2912745100016 1.4423570555858502e-09 -0.003152340936838929
118 0.00841859905237515 861.2715289870711 1.4062864290194354e-09 -0.003265936501090762
119 0.009445823496133942 872.3038535983718 1.369772181972307e-09 -0.00341797893676303
120 0.010598388278741376 884.2444523658453 1.3286399565513549e-09 -0.0036196855245335955
121 0.01189158723460545 897.3053064861008 1.287840248833492e-09 -0.003872287823516116
122 0.01334258032816896 911.2049882616096 1.2410534284039835e-09 -0.00407537664484546
123 0.014970621356211926 925.9983857489029 1.1944298141580123e-09 -0.004292167154615175
124 0.01679731343403685 941.8858851010716 1.1408606433902166e-09 -0.004519234463098556
125 0.018846895655683645 958.6785771036468 1.0876723211057476e-09 -0.004780200780456784
126 0.021146564731980566 976.4889594767735 1.0225201396778023e-09 -0.004947819026979535
127 0.023726835874373235 995.1901893633666 9.567408466402947e-10 -0.005134053307940803
128 0.026621947713240626 1014.9077548191933 8.937217444086145e-10 -0.005314806681697588
129 0.02987031662371793 1035.5544028420798 8.268205479958417e-10 -0.005474828398102967
130 0.033515046487654215 1057.215193032158 7.632334329033841e-10 -0.00564846768460142
131 0.037604500655936304 1079.854082540895 6.977245500189843e-10 -0.005801903982555539
132 0.04219294370077081 1103.448586052856 6.341832712268127e-10 -0.005976062102203124
133 0.047341261473588574 1127.9706422286522 5.751332952349139e-10 -0.0062400917056558555
134 0.053117769023300954 1153.293055235896 5.225675297934507e-10 -0.006585623915627637
135 0.059599117095492836 1179.3434909053406 4.718696361826706e-10 -0.006924265376949205
136 0.06687130924124662 1206.0739074415092 4.2463787358539986e-10 -0.007335005582200843
137 0.0750308430320121 1233.2650058634565 3.820876685909974e-10 -0.007786522729273738
138 0.0841859905237515 1260.5249085479566 3.4326087795326953e-10 -0.008356892480798263
139 0.09445823496133936 1287.2898387276416 3.065999904133895e-10 -0.008933117426808142
140 0.10598388278741365 1312.9831508110965 2.7114101694893185e-10 -0.00942932197658159
141 0.1189158723460546 1336.7016099923064 2.3650863847984245e-10 -0.009719574486120063
142 0.13342580328168963 1357.312576397464 2.040217315427278e-10 -0.009658277871249746
143 0.14970621356211924 1374.161042933767 1.7336773051632264e-10 -0.009150389317629178
144 0.16797313434036862 1386.4130379918606 1.461150435791149e-10 -0.008207875780175906
145 0.18846895655683643 1393.980958181016 1.2142296169480835e-10 -0.006890463972669376
146 0.2114656473198057 1397.2532062799812 1.0056727218846961e-10 -0.005390589878829956
147 0.23726835874373234 1397.4967164098687 8.248470669156438e-11 -0.0039418987510674176
148 0.266219477132406 1396.1949443674966 6.859191082887782e-11 -0.002730850855426472
149 0.2987031662371792 1394.6793229358402 5.72959135367386e-11 -0.0018059281569925384
150 0.33515046487654226 1394.003443343485 4.852397592190032e-11 -0.0011678730718014433
151 0.3760450065593626 1394.9308039996006 4.138006075920919e-11 -0.000752545029232422
152 0.42192943700770824 1398.0783549606165 3.566500477383044e-11 -0.000522861872958005
153 0.4734126147358859 1403.6031559355063 3.1009221128910225e-11 -0.00041818915104916966
154 0.5311776902330093 1411.2108023357375 2.6564761846690025e-11 -0.0003796218684303687
155 0.5959911709549288 1420.584860006753 2.2961843182420876e-11 -0.0003801289493729492
156 0.6687130924124671 1431.1401683085548 2.0006963992850668e-11 -0.0003937713649210303
157 0.750308430320121 1442.0543416000157 1.7417683918693452e-11 -0.0003906421093038216
158 0.8418599052375154 1452.7188748214267 1.5227837383019075e-11 -0.0003661027876549839
159 0.9445823496133939 1462.7828984177377 1.3346582586067418e-11 -0.000330387890030941
160 1.0598388278741377 1471.9415810515416 1.1590056809727635e-11 -0.0002837952757315773
161 1.1891587234605436 1480.0929919654689 1.0098204149694845e-11 -0.00022612755939300762
162 1.334258032816894 1487.40815915894 8.726985036603789e-12 -0.0001706507227793894
163 1.497062135621193 1494.1544976041412 7.472410647580185e-12 -0.0001236331978420987
164 1.6797313434036876 1500.5800031297572 6.2986017714291696e-12 -8.47259102967719e-05
165 1.8846895655683653 1507.0903809049353 5.1892841175186835e-12 -5.312374957020459e-05
166 2.114656473198053 1514.125801059774 4.145737574368278e-12 -3.085034231641676e-05
167 2.372683587437319 1522.096822720272 3.1851961421904578e-12 -1.7353129345960047e-05
168 2.6621947713240655 1531.3016201385544 2.374618415313267e-12 -9.331473604963582e-06
169 2.9870316623717934 1542.0440027971717 1.7002814555466024e-12 -3.920596458600902e-06
170 3.351504648765427 1554.7281174759403 1.1590592249131623e-12 -1.392574111832283e-06
171 3.7604500655936266 1569.5573972659345 7.456554030311177e-13 3.2792202724763605e-07
172 4.219294370077076 1586.86385947904 4.4670797715940064e-13 2.6810079528169708e-06
173 4.734126147358862 1607.1699903208746 2.5466303232722653e-13 4.0744745525725084e-06
174 5.311776902330101 1630.9466264504151 1.3887763453930262e-13 5.299800320548013e-06
175 5.959911709549289 1658.8092320200203 7.256853133846824e-14 6.993703033896992e-06
176 6.687130924124661 1691.4687498814392 3.556231470286762e-14 7.256720923862806e-06
177 7.503084303201211 1729.7173157183306 1.581718650398461e-14 6.383546816058919e-06
178 8.418599052375162 1774.739786200086 6.321217077852203e-15 4.095168169380414e-06
179 9.445823496133947 1827.743233547032 2.821808884196953e-15 -7.549376663053242e-07
180 10.598388278741364 1887.3207826647842 3.648350312013489e-15 -5.026398798661746e-06
181 11.891587234605426 1950.3093689251527 4.980806527414691e-15 -5.334045186798037e-06
182 13.342580328168953 2015.2874625652187 1.3182180760772387e-14 -3.983065492098614e-06
183 14.970621356211923 2082.639546804759 2.4424045569932995e-14 -3.3403158972387964e-06
184 16.797313434036862 2152.153777787466 4.107018564319327e-14 -2.5097083175701056e-06
185 18.84689565568364 2224.051917188509 5.793551248604453e-14 -2.0225749853339835e-06
186 21.14656473198053 2298.415887524331 4.883505434683595e-14 -1.6604021844751805e-06
187 23.726835874373222 2375.2284308198896 4.003537982918489e-14 -1.3291695027444416e-06
188 26.621947713240626 2454.7120782822926 7.506577639350108e-15 -1.2503186627158405e-06
189 29.87031662371793 2537.058774458398 4.876212207643119e-16 -1.1225983624436668e-06
190 33.51504648765426 2622.1616671317074 8.007045397220014e-18 -9.416688316073889e-07
191 37.6045006559363 2710.0931082917045 4.238235704226013e-20 -7.41507039343628e-07
192 42.19294370077081 2800.7221006607137 6.801321719674499e-23 -6.446413090310002e-07
193 47.34126147358862 2894.0665235225265 3.9569326881317276e-26 -5.478843513812195e-07
194 53.11776902330098 2990.5845177769847 5.99932593880615e-30 -3.9422335690522055e-07
195 59.59911709549286 3090.4212127529463 8.531586692741006e-35 -2.565527712221724e-07
196 66.87130924124668 3193.6370458584715 6.251020562719859e-41 -1.9679071008196593e-07
197 75.03084303201227 3300.324900863822 1.352863427662775e-48 -1.0965080495670696e-07
198 84.18599052375151 3410.679622926945 4.826420313551961e-58 -1.0083820698944335e-07
199 94.45823496133944 3524.8303769431213 1.1580498729514036e-68 -1.5591362291196404e-07
