201
0.0 6.347  119866859.13743594 0.0
0.0 6.346999984002226  119866859.13754967 0.00048518289882178124
0.0 6.346999966050409  119866859.13768071 0.0015831817247365582
0.0 6.346999945812477  119866859.13783512 0.004029931806397346
0.0 6.346999922755575  119866859.13802442 0.009369122909757437
0.0 6.346999896096085  119866859.13826995 0.02077648456608953
0.0 6.346999864614148  119866859.1386088 0.04448192071768
0.0 6.346999826119044  119866859.13910964 0.09235927417891829
0.0 6.346999776794656  119866859.13989232 0.18646015942406943
0.0 6.346999710027535  119866859.14116897 0.366501143256796
0.0 6.34699961460248  119866859.14330195 0.7014045165061276
0.0 6.346999471966849  119866859.14686981 1.3068119878776285
0.0 6.346999252125279  119866859.15281461 2.371368855226623
0.0 6.346998908168214  119866859.162567 4.191772646589185
0.0 6.346998368738247  119866859.17825347 7.220993348643742
0.0 6.346997526767908  119866859.20304228 12.139449423132069
0.0 6.346996228592766  119866859.2414705 19.925649740792796
0.0 6.346994265501067  119866859.29962687 31.911289212462645
0.0 6.346991351368457  119866859.38592565 49.92024609201749
0.0 6.3469871091827565  119866859.51169753 76.35377857502922
0.0 6.346981055478137  119866859.69096737 114.28585439551372
0.0 6.346972578846956  119866859.94090126 167.59528196541672
0.0 6.346960921742782  119866860.28390676 241.07069605710817
0.0 6.346945173964288  119866860.74638093 340.4383041862811
0.0 6.3469242324497275  119866861.36129574 472.5989560461991
0.0 6.346896806713036  119866862.16546652 645.5747289059249
0.0 6.346861522573164  119866863.20114544 867.8388865379034
0.0 6.346816774237125  119866864.52038398 1149.2396657355441
0.0 6.346760767172255  119866866.17514779 1500.7334865917755
0.0 6.346691551651849  119866868.23416421 1934.191150344449
0.0 6.346607025321377  119866870.77170572 2462.4148525066653
0.0 6.346504954748266  119866873.87447043 3099.051143820082
0.0 6.346382995907837  119866877.6320247 3858.5190428318015
0.0 6.346238754850751  119866882.15000874 4755.70099375079
0.0 6.3460698090606105  119866887.54419164 5805.876624837092
0.0 6.3458737537109595  119866893.91986874 7024.532591102588
0.0 6.345647998908643  119866901.44284366 8428.756743459815
0.0 6.345389929088701  119866910.28076883 10036.477809450698
0.0 6.3450982690740965  119866920.55213827 11858.17153659228
0.0 6.344770994176325  119866932.48268062 13910.215878108364
0.0 6.344406271869341  119866946.31368347 16209.34075595167
0.0 6.344003863082177  119866962.26989336 18764.13508532631
0.0 6.343562769844575  119866980.65336828 21590.089095635296
0.0 6.343083967517216  119867001.74286549 24692.23750585305
0.0 6.342567332809085  119867025.93379739 28084.602444257343
0.0 6.342015072600359  119867053.55948114 31767.636102531513
0.0 6.3414272456617855  119867085.0955453 35756.79388281967
0.0 6.340806364515568  119867121.0117471 40050.76001479297
0.0 6.34015560175294  119867161.75049226 44641.118286839286
0.0 6.339474833212114  119867208.06099963 49538.76116417519
0.0 6.338766125305928  119867260.49817193 54733.49311893486
0.0 6.338031651401241  119867319.79951133 60206.87135519474
0.0 6.337269178976601  119867386.99553408 65965.3159862332
0.0 6.336477856311077  119867463.02132043 71997.63276001837
0.0 6.335655924209607  119867549.01175717 78292.97636900606
0.0 6.334800747703475  119867646.24600446 84842.53099170355
0.0 6.333908938420829  119867755.95537098 91641.00806978923
0.0 6.33297712548154  119867879.65895537 98682.9286631756
0.0 6.332002706820711  119868018.7556663 105958.8997021339
0.0 6.3309770944512795  119868175.95619968 113506.730766241
0.0 6.329893983998808  119868353.145372 121348.01710084477
0.0 6.328746236158631  119868552.80985846 129512.1233978378
0.0 6.327526021254769  119868777.68068646 138034.61864343242
0.0 6.326224981841902  119869030.88814268 146956.30812590156
0.0 6.324834470184846  119869316.10786685 156322.28561342412
0.0 6.323346258956914  119869637.1886306 166177.93258014735
0.0 6.321752797984976  119869998.6338126 176567.91397622708
0.0 6.320047610905701  119870405.44591567 187533.21037166828
0.0 6.318225553909438  119870863.345119 199108.81481565224
0.0 6.316282708923324  119871378.7547739 211322.24330521782
0.0 6.31421659473788  119871958.77544023 224190.92029299054
0.0 6.312025576535602  119872612.2879382 237724.72876701225
0.0 6.30970852471174  119873348.63450415 251925.79121119765
0.0 6.307264315893828  119874179.40430874 266791.4853862031
0.0 6.304691579145334  119875118.55039676 282315.9200634658
0.0 6.301987886369834  119876185.87115145 298494.6167681309
0.0 6.299148975001044  119877392.66397418 315348.1694000684
0.0 6.296167927668108  119878732.97366478 332887.71825559967
0.0 6.293037351059992  119880233.67964171 351105.4899218278
0.0 6.289746937661609  119881929.13288394 370029.10197573266
0.0 6.286283912015285  119883848.56023213 389712.6126504166
0.0 6.282635008575962  119886028.8536085 410210.70632442227
0.0 6.278784876518198  119888503.57689714 431628.701854988
0.0 6.274714546700969  119891277.9229406 454060.19770450983
0.0 6.270405388609425  119894409.14658943 477590.29009615636
0.0 6.265837552335864  119897972.12211157 502364.203064472
0.0 6.260986573799085  119901992.9557736 528525.7888015234
0.0 6.255827925848235  119906547.17613104 556212.7420898875
0.0 6.25032899633457  119911708.06595579 585580.8603348518
0.0 6.244457690641857  119917582.52845518 616782.4641143614
0.0 6.238178721325333  119924291.28337485 650026.5653038598
0.0 6.231458479085296  119931925.44606484 685497.2455889302
0.0 6.224258564580281  119940588.95355585 723375.1424539495
0.0 6.216543563782823  119950455.26317964 763840.4475741895
0.0 6.208278100830002  119961734.63832113 807123.7530308863
0.0 6.199418358668337  119974673.15879649 853533.4791949095
0.0 6.189925547732425  119989487.61818169 903389.6680444416
0.0 6.179751210733549  120006480.07754976 957097.5004746795
0.0 6.168816184526552  120026089.33198662 1015197.598474043
0.0 6.1570606165435064  120048698.22424503 1078163.525858387
0.0 6.144388323281204  120074814.06230654 1146508.45304132
0.0 6.130691650741417  120105025.19882503 1220954.9885926887
0.0 6.115849866721379  120140042.43999656 1302437.0723337634
0.0 6.099725758373155  120180747.85288723 1391892.385180268
0.0 6.0821855677885495  120228102.66440189 1490518.5978921864
0.0 6.063068000453913  120283438.70952205 1599668.9815961854
0.0 6.042237778664184  120348140.9664894 1720611.0204739613
0.0 6.019613715208429  120423856.65102857 1854175.794693125
0.0 5.994996094777408  120512729.66779584 2002491.8369072094
0.0 5.968233082239038  120616093.11902687 2167053.6981379353
0.0 5.938960471678712  120737846.52389628 2352788.5463153226
0.0 5.907013889796571  120879341.82505462 2561527.94434589
0.0 5.8719951267403285  121045034.50829177 2798416.1320261
0.0 5.8335753743188805  121239494.26042747 3068962.209424143
0.0 5.791344930270783  121467675.64116701 3379852.6908494453
0.0 5.744926013632659  121735588.50146085 3738761.7737729545
0.0 5.693896774368363  122051255.62474693 4157207.637183473
0.0 5.6378045219239485  122421800.93269381 4644907.885889414
0.0 5.576462037439315  122854664.03397864 5211837.9467106685
0.0 5.509355881122629  123362105.45698293 5875125.604763526
0.0 5.436016554092748  123957153.2255475 6653176.26849829
0.0 5.356199464588844  124651564.16550143 7565037.212166987
0.0 5.269393299113183  125461256.41128379 8635738.894393025
0.0 5.175533621740408  126401447.7178991 9884147.017708683
0.0 5.074177679888001  127497367.66492441 11344288.151602697
0.0 4.965554834044978  128770565.95206445 13047768.709638584
0.0 4.849360044082114  130249505.91975085 15037372.059014082
0.0 4.726796743142439  131956878.60606438 17337809.86831855
0.0 4.598125085961356  133924506.52108204 19995914.362765826
0.0 4.463262680103787  136199910.10643786 23073321.055068426
0.0 4.323271769178332  138805139.74456197 26605506.628756486
0.0 4.178279126839359  141792711.68397912 30666126.75952604
0.0 4.029558029001142  145195890.2642597 35305990.403868236
0.0 3.8778867460966207  149057128.27008858 40596463.5328577
0.0 3.723554353651098  153419618.99477056 46633432.66105475
0.0 3.5662173049972568  158325393.45745063 53522037.22961332
0.0 3.4068091222983456  163803746.54780233 61339562.99738892
0.0 3.2458530725621424  169857483.90469885 70173583.50080656
0.0 3.083353733084838  176440544.49247134 80068200.3212049
0.0 2.9195541140456602  183432891.17944038 91048347.22842647
0.0 2.7553966193890735  190639225.71887016 103037585.29724227
0.0 2.592510604172686  197788319.74373698 115851276.66057436
0.0 2.433093253869334  204489269.41445225 129103652.19299398
0.0 2.278793580210144  210325156.4091499 142244001.86612695
0.0 2.1316786187028987  214930259.65170327 154613867.14501897
0.0 1.9925605594903666  218047231.74314463 165545665.9704191
0.0 1.8628457983713747  219686376.55417264 174545814.62897593
0.0 1.7423018954434435  220139667.20603284 181460479.1347495
0.0 1.631368574896197  219937142.9303052 186559397.21429515
0.0 1.5278635390768947  219614277.29154733 190357379.2409895
0.0 1.4308544946384576  219635812.30584607 193436573.24037415
0.0 1.3386727428650178  220373195.87600347 196392583.44947308
0.0 1.2504704850463084  222105285.61557752 199728734.89100522
0.0 1.1651740530168344  225020448.15466744 203894373.9824014
0.0 1.0819633030159634  229096524.66901505 209092627.43748444
0.0 1.0019808894740732  234207295.14073947 215346380.98752794
0.0 0.9244106155582048  240185137.63502395 222608384.62218574
0.0 0.8485756019661808  246685621.787752 230601431.90551206
0.0 0.7744993528569247  253322740.44220114 238899925.42107567
0.0 0.7018340967111708  259836501.81296667 247160681.59954053
0.0 0.6303748133432228  266033522.48476815 255126640.62712047
0.0 0.5607483809018463  271767508.84678924 262565506.69053543
0.0 0.49268198980874295  277033277.1979405 269355475.45063156
0.0 0.42668064117816284  281964435.8955829 275577249.1545999
0.0 0.363271874073052  286723156.4764255 281385086.14755625
0.0 0.30330205626853707  291516175.6618838 286984791.894287
0.0 0.2478655276015465  296681500.8041761 292717631.9768395
0.0 0.1981730802621411  302526893.92740643 298932809.4830562
0.0 0.1553355169343431  309359323.2999778 305998620.33171517
0.0 0.119502579615049  317447181.14950347 314227289.9035062
0.0 0.09071471864950112  327150139.6212278 323996628.9061621
0.0 0.06869589028027867  338887470.8497627 335760415.0816926
0.0 0.05280212673924129  352952263.98492426 349818218.50667465
0.0 0.04211865792928913  369977669.4095817 366779504.9401619
0.0 0.03528498035017423  390748320.13852614 387440820.4226744
0.0 0.031103588300982626  416147384.19225806 412680315.6372901
0.0 0.028652059994271242  447515473.57830495 443812141.99527097
0.0 0.027304095045756586  486427985.81973964 482449593.2478963
0.0 0.026631400643248083  535162022.52924407 530912141.9648787
0.0 0.02632976039942248  597169454.54013 592724157.8858083
0.0 0.02617867719938555  676004941.5019647 671600065.1606885
0.0 0.02595950517918572  770389510.9577917 766286591.908118
0.0 0.025623776647628615  878058185.4285728 874314804.7685086
0.0 0.02462682099289353  1000621525.9043199 997179380.6572417
0.0 0.02255426544107838  1141220863.8245173 1138062168.3539233
0.0 0.018643918923551127  1300730282.0966723 1297810539.263519
0.0 0.012454734392438705  1483630477.335789 1480926803.8748581
0.0 0.006601171973411434  1691765948.78024 1689261297.6805518
0.0 0.001216831285350262  1929485314.985376 1927159423.3096144
0.0 8.409044455390008e-05  2201011830.3904915 2198874611.5136156
0.0 1.5301610113089026e-06  2511814027.457907 2509866878.321972
0.0 9.050143491347217e-09  2865622440.9559 2863854182.112524
0.0 1.6276662202595922e-11  3269880443.8901715 3268270238.451886
0.0 1.0619916840609583e-14  3728136110.874879 3726680077.864013
0.0 1.8063336211348255e-18  4250386435.6588836 4249077423.005616
0.0 2.882164360650665e-23  4846808938.036356 4845618619.9746
0.0 2.3694061778617218e-29  5527364277.594178 5526260628.832354
0.0 5.753638014461119e-37  6303687269.813501 6302658213.209583
0.0 2.303104896246528e-46  7189265626.745033 7188283203.897824
0.0 6.200344806755361e-57  8200815202.244771 8199880898.0762415
0.0 4.083630409578022e-70  9354986580.975822 9354135754.923798
