200
0 1.0598388278741362e-08 780.8 4.950067668727549e-10 -8.532024634599947e-06
1 1.1891587234605432e-08 780.8 4.950988467607415e-10 -1.9108924475168677e-05
2 1.3342580328168952e-08 780.8 4.975251457966248e-10 -3.979210339087027e-05
3 1.497062135621191e-08 780.8 5.053297324569693e-10 -7.915947723648895e-05
4 1.6797313434036843e-08 780.8 5.210149638488249e-10 -0.0001524483028594873
5 1.884689565568362e-08 780.8 5.4882877275898e-10 -0.00028399883622180473
6 2.1146564731980552e-08 780.8 5.988958319247032e-10 -0.0005127354740159126
7 2.3726835874373224e-08 780.8 6.851533744777895e-10 -0.0008996846095056979
8 2.6621947713240617e-08 780.8 8.283602642312954e-10 -0.0015356590332629148
9 2.987031662371789e-08 780.8 1.0574916788056528e-09 -0.002547318716938672
10 3.3515046487654186e-08 780.8 1.4116187062257266e-09 -0.004105617040509067
11 3.760450065593623e-08 780.8 1.9422272328806942e-09 -0.0064356784759624554
12 4.219294370077074e-08 780.8 2.7114627482186547e-09 -0.009808962680601323
13 4.7341261473588536e-08 780.8 3.792856536773733e-09 -0.014546409947515705
14 5.311776902330091e-08 780.8 5.278285136635618e-09 -0.021045208109262845
15 5.959911709549277e-08 780.8 7.2533382056539416e-09 -0.029679501563780998
16 6.687130924124655e-08 780.8 9.77171733538796e-09 -0.04068806104315665
17 7.503084303201205e-08 780.8 1.29171300932989e-08 -0.05442528400565707
18 8.418599052375152e-08 780.8 1.673451814510905e-08 -0.07108375976493599
19 9.445823496133942e-08 780.8 2.123563032802556e-08 -0.09071580381580893
20 1.0598388278741362e-07 780.8 2.6411376348446188e-08 -0.11330112256101739
21 1.1891587234605436e-07 780.8 3.22189124284295e-08 -0.13869591709564866
22 1.3342580328168943e-07 780.8 3.85428723770005e-08 -0.1664736839848749
23 1.4970621356211916e-07 780.8 4.528878947476299e-08 -0.19634183457767454
24 1.679731343403686e-07 780.8 5.226662657547475e-08 -0.22764833490196662
25 1.8846895655683643e-07 780.8 5.906576007512958e-08 -0.25883009016982167
26 2.1146564731980535e-07 780.8 6.555441096273316e-08 -0.2896307836551953
27 2.3726835874373202e-07 780.8 7.148092166497958e-08 -0.3193663961261782
28 2.662194771324062e-07 780.8 7.656132280692832e-08 -0.34725537950926705
29 2.9870316623717906e-07 780.8 8.056824599167445e-08 -0.37275436307788556
30 3.351504648765425e-07 780.8 8.331294764477733e-08 -0.3953670537824911
31 3.760450065593624e-07 780.8 8.467923976812679e-08 -0.4146997527157029
32 4.2192943700770767e-07 780.8 8.461429028076118e-08 -0.4303665092254164
33 4.734126147358854e-07 780.8 8.318722488700216e-08 -0.44221570320307485
34 5.311776902330089e-07 780.8 8.056012824463154e-08 -0.45021422456098137
35 5.959911709549286e-07 780.8 7.74120684080239e-08 -0.46033679217124973
36 6.687130924124662e-07 780.8 7.369277129682503e-08 -0.4671868562087438
37 7.503084303201209e-07 780.8 6.938945801967456e-08 -0.4684669637819605
38 8.418599052375149e-07 780.8 6.512633809250001e-08 -0.46637868267891225
39 9.44582349613394e-07 780.8 6.116791644137089e-08 -0.4614249390104042
40 1.0598388278741369e-06 780.8 5.7494071040130864e-08 -0.45245312400209736
41 1.189158723460544e-06 780.8 5.439290514008409e-08 -0.4413601831705583
42 1.3342580328168946e-06 780.8 5.1668439970663885e-08 -0.42703111845170294
43 1.4970621356211894e-06 780.8 4.9420178299700565e-08 -0.4112997187266573
44 1.6797313434036835e-06 780.8 4.734227811793931e-08 -0.39299843638786225
45 1.8846895655683624e-06 780.8 4.553638388701039e-08 -0.3743739820582372
46 2.114656473198054e-06 780.8 4.371425398749811e-08 -0.3542394856510413
47 2.372683587437324e-06 780.8 4.179738060724872e-08 -0.33289176533463577
48 2.662194771324063e-06 780.8 3.997707215560772e-08 -0.3124373204117402
49 2.9870316623717897e-06 780.8 3.8100610705796887e-08 -0.2919829680114952
50 3.3515046487654246e-06 780.8 3.6171184192878136e-08 -0.2717339192505547
51 3.7604500655936247e-06 780.8 3.440486458538375e-08 -0.2533765510348448
52 4.219294370077079e-06 780.8 3.2709426519992225e-08 -0.23619065078894028
53 4.734126147358854e-06 780.8 3.1102181005616746e-08 -0.22028727390334465
54 5.311776902330092e-06 780.8 2.958840872039399e-08 -0.20567923943650182
55 5.9599117095492826e-06 780.8 2.8164027819005453e-08 -0.19231298268255
56 6.687130924124654e-06 780.8 2.6793625887343676e-08 -0.17991601827508966
57 7.503084303201217e-06 780.8 2.5429806706310733e-08 -0.1681482443714067
58 8.418599052375149e-06 780.8 2.4197374555848443e-08 -0.15777437770757285
59 9.445823496133936e-06 780.8 2.2997060873898453e-08 -0.14805811993023116
60 1.059838827874136e-05 780.8 2.1820252131913623e-08 -0.1388739152271493
61 1.1891587234605442e-05 780.8 2.066029935716558e-08 -0.13010417581298278
62 1.3342580328168943e-05 780.8 1.9517395829120016e-08 -0.12168890755928984
63 1.4970621356211902e-05 780.8 1.8394576698791247e-08 -0.11360064667730584
64 1.6797313434036858e-05 780.8 1.729558992602479e-08 -0.10583230812142855
65 1.884689565568364e-05 780.8 1.622765189408931e-08 -0.09840702218681477
66 2.1146564731980553e-05 780.8 1.51984428030198e-08 -0.091357968747915
67 2.3726835874373233e-05 780.8 1.421617384420399e-08 -0.08471861221327238
68 2.6621947713240622e-05 780.8 1.3289188576054926e-08 -0.07852053493375753
69 2.9870316623717916e-05 780.8 1.2422116183389586e-08 -0.07277052134173505
70 3.351504648765423e-05 780.8 1.1619815386367031e-08 -0.06747517459185445
71 3.7604500655936265e-05 780.8 1.088458760222222e-08 -0.06262768378901266
72 4.219294370077077e-05 780.8 1.021550168113745e-08 -0.058201362871518156
73 4.734126147358859e-05 780.8 9.609749949239298e-09 -0.05416274673173973
74 5.311776902330094e-05 780.8 9.060951299317417e-09 -0.050457436888319204
75 5.959911709549279e-05 780.8120710707707 8.562611015500288e-09 -0.04714836448645163
76 6.687130924124665e-05 780.9 8.108456168174466e-09 -0.0441794180609685
77 7.503084303201212e-05 780.9 7.686187928989852e-09 -0.04136143544907013
78 8.418599052375145e-05 780.9 7.290046007723103e-09 -0.038709170160766644
79 9.44582349613394e-05 780.9 6.914742187078684e-09 -0.03625803796960858
80 0.0001059838827874137 780.9 6.557354080866478e-09 -0.03396242801695549
81 0.00011891587234605433 780.9091380024031 6.218116125342071e-09 -0.031880033059106826
82 0.00013342580328168954 781.0 5.896804286463135e-09 -0.029966064195920027
83 0.00014970621356211913 781.0 5.5118937282507756e-09 -0.026883123486012336
84 0.0001679731343403685 781.007711442845 5.2229247199383605e-09 -0.025142800307692597
85 0.00018846895655683633 781.1 4.954679450158744e-09 -0.023565029563025676
86 0.0002114656473198053 781.1068702230343 4.701351907535373e-09 -0.02205111484460968
87 0.0002372683587437322 781.2 4.4677015403683e-09 -0.020634955155890995
88 0.0002662194771324061 781.2059243121371 4.247263044047388e-09 -0.019282288080487226
89 0.0002987031662371793 781.3055032039482 4.045715471071934e-09 -0.018048121718115293
90 0.00033515046487654214 781.4100267231127 3.860398773946569e-09 -0.016933636761478594
91 0.0003760450065593628 781.6044553519812 3.6909715030594906e-09 -0.015919749354857574
92 0.0004219294370077082 781.7078813087678 3.532948131280989e-09 -0.014946895736426892
93 0.00047341261473588593 781.90696406483 3.3866879542639975e-09 -0.014039867310025468
94 0.0005311776902330096 782.1091418654839 3.248371411947861e-09 -0.013205431104340378
95 0.0005959911709549284 782.4077825965223 3.1213661372037454e-09 -0.012405273998036022
96 0.0006687130924124669 782.7083769800121 2.999430086826006e-09 -0.011602211884997196
97 0.0007503084303201216 783.1065655291409 2.8869347732046243e-09 -0.010820844146587547
98 0.0008418599052375149 783.5067501759701 2.771795500575916e-09 -0.010023719414421943
99 0.0009445823496133941 784.1040396709814 2.660825618812295e-09 -0.009253533065649364
100 0.0010598388278741382 784.699167785925 2.5508687001014883e-09 -0.008445687001086352
101 0.0011891587234605452 785.4948229136033 2.4505461496077005e-09 -0.007720069184284344
102 0.001334258032816897 786.4948829849441 2.3608794320224276e-09 -0.007058821489640046
103 0.0014970621356211922 787.5870021291665 2.2754121592689574e-09 -0.006421231547865522
104 0.0016797313434036842 788.9751297867672 2.19582419342017e-09 -0.005824702732754266
105 0.0018846895655683636 790.5589531638135 2.119753360781781e-09 -0.005272772857433331
106 0.0021146564731980557 792.4478238055251 2.048067276312835e-09 -0.00477857871464828
107 0.002372683587437325 794.8143318385041 1.9819809233649205e-09 -0.004349780631700512
108 0.002662194771324063 797.490842063613 1.9181317124311478e-09 -0.003941889220197691
109 0.0029870316623717918 800.8448404026344 1.862910837394408e-09 -0.0036916166003782645
110 0.0033515046487654263 804.7039894841988 1.8078135264375831e-09 -0.0034439467106660866
111 0.003760450065593632 809.1542985355238 1.7565135152177882e-09 -0.003247985484615607
112 0.004219294370077078 814.1851640589099 1.7089290593892133e-09 -0.0030688710762226245
113 0.0047341261473588594 820.0050753731617 1.6594039268591208e-09 -0.0029059478858781936
114 0.005311776902330097 826.5236368468011 1.6108394282269945e-09 -0.0027905255127799425
115 0.005959911709549282 833.9273442402738 1.5618540296522548e-09 -0.0027067078710119054
116 0.006687130924124662 842.1154290924588 1.5163687592615375e-09 -0.0026588591960319476
117 0.007503084303201218 851.2912745100016 1.4718654315695127e-09 -0.002663709590618837
118 0.00841859905237515 861.2715289870711 1.4278864175300872e-09 -0.0027120916725089537
119 0.009445823496133942 872.3038535983718 1.3871383185599784e-09 -0.0028388013617579645
120 0.010598388278741376 884.2444523658453 1.3430173562634254e-09 -0.0029917961215005506
121 0.01189158723460545 897.3053064861008 1.2975553559291574e-09 -0.0031864931824142633
122 0.01334258032816896 911.2049882616096 1.2500180564037194e-09 -0.0034156054491913993
123 0.014970621356211926 925.9983857489029 1.20497927798738e-09 -0.0036708944386611634
124 0.01679731343403685 941.8858851010716 1.15364775243827e-09 -0.003935687899348509
125 0.018846895655683645 958.6785771036468 1.1007474081237598e-09 -0.004240166875612865
126 0.021146564731980566 976.4889594767735 1.0424964022337352e-09 -0.0045263210790318234
127 0.023726835874373235 995.1901893633666 9.79563328063525e-10 -0.004801330618267182
128 0.026621947713240626 1014.9077548191933 9.125545898452003e-10 -0.005059387309977082
129 0.02987031662371793 1035.5544028420798 8.483715147788666e-10 -0.005338912410271677
130 0.033515046487654215 1057.215193032158 7.802168194512051e-10 -0.005580086461287075
131 0.037604500655936304 1079.854082540895 7.158936694838351e-10 -0.0058396179055912115
132 0.04219294370077081 1103.448586052856 6.516630244394271e-10 -0.006088947527568551
133 0.047341261473588574 1127.9706422286522 5.909282694317437e-10 -0.006360962747218024
134 0.053117769023300954 1153.293055235896 5.332856543321048e-10 -0.006640170013651093
135 0.059599117095492836 1179.3434909053406 4.807532770606898e-10 -0.006981036187034761
136 0.06687130924124662 1206.0739074415092 4.3140894649907447e-10 -0.007376021913399237
137 0.0750308430320121 1233.2650058634565 3.842261962744555e-10 -0.007808640687761927
138 0.0841859905237515 1260.5249085479566 3.410825313191128e-10 -0.008319252242146287
139 0.09445823496133936 1287.2898387276416 3.0022572551294544e-10 -0.00883153825387442
140 0.10598388278741365 1312.9831508110965 2.6216959376825646e-10 -0.009252291047203744
141 0.1189158723460546 1336.7016099923064 2.2704648348913635e-10 -0.00950400055812031
142 0.13342580328168963 1357.312576397464 1.946524224042809e-10 -0.009384361511502274
143 0.14970621356211924 1374.161042933767 1.6569328965718722e-10 -0.008875342849862227
144 0.16797313434036862 1386.4130379918606 1.4006271806299834e-10 -0.007951320256505228
145 0.18846895655683643 1393.980958181016 1.1768141831730013e-10 -0.006689115934510455
146 0.2114656473198057 1397.2532062799812 9.805329914498343e-11 -0.0052212854263247645
147 0.23726835874373234 1397.4967164098687 8.125815609239591e-11 -0.0038037216137038017
148 0.266219477132406 1396.1949443674966 6.716448071824975e-11 -0.0026168242088960834
149 0.2987031662371792 1394.6793229358402 5.561337188178479e-11 -0.001720748184500782
150 0.33515046487654226 1394.003443343485 4.624665992301896e-11 -0.0010929654615723285
151 0.3760450065593626 1394.9308039996006 3.881065827805035e-11 -0.000686445193243123
152 0.42192943700770824 1398.0783549606165 3.305348537591687e-11 -0.00046721748135614713
153 0.4734126147358859 1403.6031559355063 2.842302005038779e-11 -0.0003753436849606014
154 0.5311776902330093 1411.2108023357375 2.467749048143011e-11 -0.0003479664355044324
155 0.5959911709549288 1420.584860006753 2.16212393035688e-11 -0.0003553204759624478
156 0.6687130924124671 1431.1401683085548 1.9039450443335087e-11 -0.00037471624152251936
157 0.750308430320121 1442.0543416000157 1.6794473552264152e-11 -0.00037617304201455974
158 0.8418599052375154 1452.7188748214267 1.4842081782600053e-11 -0.0003526551525781101
159 0.9445823496133939 1462.7828984177377 1.3125359426053274e-11 -0.00031572625373489763
160 1.0598388278741377 1471.9415810515416 1.1578740392564997e-11 -0.0002678594065047494
161 1.1891587234605436 1480.0929919654689 1.0197181820299319e-11 -0.0002132404292264331
162 1.334258032816894 1487.40815915894 8.839210764928935e-12 -0.0001603375714634217
163 1.497062135621193 1494.1544976041412 7.540402133301534e-12 -0.00011562820031311303
164 1.6797313434036876 1500.5800031297572 6.29146404222872e-12 -7.810336050329405e-05
165 1.8846895655683653 1507.0903809049353 5.1140272210402264e-12 -4.923050421895627e-05
166 2.114656473198053 1514.125801059774 4.0167780227729106e-12 -2.8915356296537453e-05
167 2.372683587437319 1522.096822720272 3.0480124184441645e-12 -1.6247201791902732e-05
168 2.6621947713240655 1531.3016201385544 2.2287074216634707e-12 -8.256930700532054e-06
169 2.9870316623717934 1542.0440027971717 1.5729260952857297e-12 -3.105570737667142e-06
170 3.351504648765427 1554.7281174759403 1.0624767115686555e-12 -7.626269450171265e-07
171 3.7604500655936266 1569.5573972659345 6.861308808889762e-13 7.215480907645983e-07
172 4.219294370077076 1586.86385947904 4.2562019850848266e-13 2.3570254880467424e-06
173 4.734126147358862 1607.1699903208746 2.6152598414815274e-13 3.5644547851902408e-06
174 5.311776902330101 1630.9466264504151 1.654799907807204e-13 5.1371800469490805e-06
175 5.959911709549289 1658.8092320200203 1.1084988286253014e-13 6.472880399950893e-06
176 6.687130924124661 1691.4687498814392 7.776702156350199e-14 6.736289981123443e-06
177 7.503084303201211 1729.7173157183306 5.556097921976316e-14 5.9511852820009254e-06
178 8.418599052375162 1774.739786200086 3.973017525329828e-14 4.075311338784866e-06
179 9.445823496133947 1827.743233547032 2.7619832831991732e-14 -2.03063535852754e-07
180 10.598388278741364 1887.3207826647842 1.81325127669146e-14 -4.430003438897526e-06
181 11.891587234605426 1950.3093689251527 1.2448346346045331e-14 -5.200070588261144e-06
182 13.342580328168953 2015.2874625652187 8.934006554977652e-15 -4.179978622152322e-06
183 14.970621356211923 2082.639546804759 8.775834135076726e-15 -3.1977306309216767e-06
184 16.797313434036862 2152.153777787466 1.2699012317051314e-14 -2.3028258305108008e-06
185 18.84689565568364 2224.051917188509 2.0263411611751028e-14 -1.696722815723398e-06
186 21.14656473198053 2298.415887524331 2.8172300615571553e-14 -1.4581053597294145e-06
187 23.726835874373222 2375.2284308198896 2.8222908013200387e-14 -1.3475654736968447e-06
188 26.621947713240626 2454.7120782822926 1.5495712701696962e-14 -1.3347535668030667e-06
189 29.87031662371793 2537.058774458398 2.979224110649769e-15 -1.1942719412485662e-06
190 33.51504648765426 2622.1616671317074 1.4266393136862544e-16 -9.566234864630021e-07
191 37.6045006559363 2710.0931082917045 9.342018336618187e-17 -7.834946009448259e-07
192 42.19294370077081 2800.7221006607137 1.74035225900571e-16 -6.864166286860267e-07
193 47.34126147358862 2894.0665235225265 3.1799273251164005e-16 -5.63038881880269e-07
194 53.11776902330098 2990.5845177769847 5.635247546037909e-16 -3.8384816889396457e-07
195 59.59911709549286 3090.4212127529463 9.575153626708906e-16 -2.503466646960893e-07
196 66.87130924124668 3193.6370458584715 1.5258050067819395e-15 -2.1361684984963562e-07
197 75.03084303201227 3300.324900863822 2.2018422730596032e-15 -2.1107838626265026e-07
198 84.18599052375151 3410.679622926945 2.725078321256336e-15 -4.4602092673893115e-07
199 94.45823496133944 3524.8303769431213 2.6150309742219394e-15 -9.610777210212982e-07
