200
0 1.0598388278741362e-08 780.8 1.717677502330881e-10 -4.293917447729734e-06
1 1.1891587234605432e-08 780.8 1.7175734200446669e-10 -1.0552597247711671e-05
2 1.3342580328168952e-08 780.8 1.7251470974893031e-10 -2.278568819934929e-05
3 1.497062135621191e-08 780.8 1.750589246953612e-10 -4.605061545459069e-05
4 1.6797313434036843e-08 780.8 1.8019490408740622e-10 -8.935549075047102e-05
5 1.884689565568362e-08 780.8 1.8928985827345354e-10 -0.00016709621050706852
6 2.1146564731980552e-08 780.8 2.056976880973967e-10 -0.0003022897980272618
7 2.3726835874373224e-08 780.8 2.3399041945708693e-10 -0.000530957725312479
8 2.6621947713240617e-08 780.8 2.809835639214554e-10 -0.0009068347019552149
9 2.987031662371789e-08 780.8 3.561927674488231e-10 -0.0015047741955765074
10 3.3515046487654186e-08 780.8 4.724479406065167e-10 -0.002425813173545197
11 3.760450065593623e-08 780.8 6.466610798875611e-10 -0.0038031833457848846
12 4.219294370077074e-08 780.8 8.993185643772429e-10 -0.005798619946780447
13 4.7341261473588536e-08 780.8 1.2547915220752588e-09 -0.008606904218330307
14 5.311776902330091e-08 780.8 1.7437510070150388e-09 -0.012466539060277906
15 5.959911709549277e-08 780.8 2.394900947835162e-09 -0.01760724416357639
16 6.687130924124655e-08 780.8 3.225082097938992e-09 -0.024141417148229097
17 7.503084303201205e-08 780.8 4.2661816413740646e-09 -0.03234198146759474
18 8.418599052375152e-08 780.8 5.535522854640657e-09 -0.04233191915122509
19 9.445823496133942e-08 780.8 7.042366030846844e-09 -0.05417785480185531
20 1.0598388278741362e-07 780.8 8.792760787861465e-09 -0.0679158392427393
21 1.1891587234605436e-07 780.8 1.0785391836150254e-08 -0.08352084024550332
22 1.3342580328168943e-07 780.8 1.2999287088673105e-08 -0.10080951440025389
23 1.4970621356211916e-07 780.8 1.5428501107678734e-08 -0.11970461689156649
24 1.679731343403686e-07 780.8 1.804205641322576e-08 -0.13993058251284612
25 1.8846895655683643e-07 780.8 2.073726415123201e-08 -0.16064882810900818
26 2.1146564731980535e-07 780.8 2.351202186045106e-08 -0.1818065625583744
27 2.3726835874373202e-07 780.8 2.6329327219642832e-08 -0.20307403559840145
28 2.662194771324062e-07 780.8 2.9134403038034652e-08 -0.2239953914657124
29 2.9870316623717906e-07 780.8 3.1896507923833745e-08 -0.24430019096993277
30 3.351504648765425e-07 780.8 3.457472838499226e-08 -0.2636684285613886
31 3.760450065593624e-07 780.8 3.7135566021898306e-08 -0.2818491155717067
32 4.2192943700770767e-07 780.8 3.9540638868573287e-08 -0.2985577179263199
33 4.734126147358854e-07 780.8 4.1766280603078315e-08 -0.31364807672257294
34 5.311776902330089e-07 780.8 4.3794018356919806e-08 -0.3269962538988499
35 5.959911709549286e-07 780.8 4.5699249148289e-08 -0.339566284750606
36 6.687130924124662e-07 780.8 4.742807697817175e-08 -0.35037962105392095
37 7.503084303201209e-07 780.8 4.878556604678033e-08 -0.35818498736805077
38 8.418599052375149e-07 780.8 4.995448959826443e-08 -0.36434247990374946
39 9.44582349613394e-07 780.8 5.094879082308603e-08 -0.3689542427993022
40 1.0598388278741369e-06 780.8 5.1595886593957354e-08 -0.3708149531869633
41 1.189158723460544e-06 780.8 5.206397244672187e-08 -0.37119348767877186
42 1.3342580328168946e-06 780.8 5.2177363689686034e-08 -0.3689172292623964
43 1.4970621356211894e-06 780.8 5.2118597456499175e-08 -0.3653805274452697
44 1.6797313434036835e-06 780.8 5.1699628101161886e-08 -0.35938056792218126
45 1.8846895655683624e-06 780.8 5.116659316249365e-08 -0.352751173856919
46 2.114656473198054e-06 780.8 5.031724139364985e-08 -0.34420366824559395
47 2.372683587437324e-06 780.8 4.9120429237840274e-08 -0.33365402402307
48 2.662194771324063e-06 780.8 4.782529493419523e-08 -0.3228887161398859
49 2.9870316623717897e-06 780.8 4.6247208816602565e-08 -0.31071716065313654
50 3.3515046487654246e-06 780.8 4.436624062363487e-08 -0.2970464816590553
51 3.7604500655936247e-06 780.8 4.242670737504693e-08 -0.28350977041700975
52 4.219294370077079e-06 780.8 4.0309535339028804e-08 -0.26926887731651833
53 4.734126147358854e-06 780.8 3.804577302752259e-08 -0.2544630526195764
54 5.311776902330092e-06 780.8 3.567141262942491e-08 -0.23923864750527096
55 5.9599117095492826e-06 780.8 3.322634463128441e-08 -0.22375222149917787
56 6.687130924124654e-06 780.8 3.072785881594977e-08 -0.20800027451436728
57 7.503084303201217e-06 780.8 2.8190089335076088e-08 -0.19195377666830554
58 8.418599052375149e-06 780.8 2.5814392084921506e-08 -0.1768733591234774
59 9.445823496133936e-06 780.8 2.354387014051759e-08 -0.16228283007765787
60 1.059838827874136e-05 780.8 2.141794252943542e-08 -0.14837430598912002
61 1.1891587234605442e-05 780.8 1.9468020746784446e-08 -0.1353076022308102
62 1.3342580328168943e-05 780.8 1.7717652610780075e-08 -0.12321519673294795
63 1.4970621356211902e-05 780.8 1.6180344401239448e-08 -0.11219089346753677
64 1.6797313434036858e-05 780.8 1.4855989256415442e-08 -0.10226747420254147
65 1.884689565568364e-05 780.8 1.3734889814025338e-08 -0.09344186149597151
66 2.1146564731980553e-05 780.8 1.2797236258139357e-08 -0.08566586878854651
67 2.3726835874373233e-05 780.8 1.2016613212306484e-08 -0.07886072687847137
68 2.6621947713240622e-05 780.8 1.1363228589298603e-08 -0.07293188127472504
69 2.9870316623717916e-05 780.8 1.080742101717267e-08 -0.0677534837016815
70 3.351504648765423e-05 780.8 1.031545347414431e-08 -0.06320079973004929
71 3.7604500655936265e-05 780.8 9.867039692956275e-09 -0.05915723873350465
72 4.219294370077077e-05 780.8 9.443427569648165e-09 -0.055505074066412946
73 4.734126147358859e-05 780.8 9.029623649704434e-09 -0.0521339439912991
74 5.311776902330094e-05 780.8 8.617597106826881e-09 -0.04894745431853262
75 5.959911709549279e-05 780.8120710707707 8.203419789202398e-09 -0.04598276643030707
76 6.687130924124665e-05 780.9 7.788104541112973e-09 -0.043177851656966415
77 7.503084303201212e-05 780.9 7.370117528896253e-09 -0.0403240836436649
78 8.418599052375145e-05 780.9 6.949630018977659e-09 -0.03748258845693071
79 9.44582349613394e-05 780.9 6.536582772852061e-09 -0.034717482377404546
80 0.0001059838827874137 780.9 6.133643579641432e-09 -0.03201607112075485
81 0.00011891587234605433 780.9091380024031 5.714583136360365e-09 -0.02898999755519237
82 0.00013342580328168954 781.0 5.348635137817362e-09 -0.026618358103232157
83 0.00014970621356211913 781.0 5.003185406349855e-09 -0.024290889775793644
84 0.0001679731343403685 781.007711442845 4.683090033339809e-09 -0.022120049212533768
85 0.00018846895655683633 781.1 4.3910828506442606e-09 -0.020141198551909018
86 0.0002114656473198053 781.1068702230343 4.123070328977802e-09 -0.0183020705964553
87 0.0002372683587437322 781.2 3.880980074999029e-09 -0.016625334040612717
88 0.0002662194771324061 781.2059243121371 3.6538143709449265e-09 -0.015052653196260623
89 0.0002987031662371793 781.3055032039482 3.452074832845815e-09 -0.013673942413256559
90 0.00033515046487654214 781.4100267231127 3.257512072917341e-09 -0.012461322526888677
91 0.0003760450065593628 781.6044553519812 3.0782437187210464e-09 -0.01137852106806022
92 0.0004219294370077082 781.7078813087678 2.9083472986598526e-09 -0.010374167347278838
93 0.00047341261473588593 781.90696406483 2.75003939891315e-09 -0.009470728041742675
94 0.0005311776902330096 782.1091418654839 2.6022657382204876e-09 -0.008664662669164155
95 0.0005959911709549284 782.4077825965223 2.4670885935932814e-09 -0.007942562190595602
96 0.0006687130924124669 782.7083769800121 2.3433942909256813e-09 -0.007274572064026117
97 0.0007503084303201216 783.1065655291409 2.2305200596637653e-09 -0.006659052281800468
98 0.0008418599052375149 783.5067501759701 2.126528044678412e-09 -0.006095101597340026
99 0.0009445823496133941 784.1040396709814 2.032447457006211e-09 -0.0055778834000422065
100 0.0010598388278741382 784.699167785925 1.9490727949326802e-09 -0.00507284393337666
101 0.0011891587234605452 785.4948229136033 1.8721619943928145e-09 -0.004636895448419753
102 0.001334258032816897 786.4948829849441 1.8045702255978503e-09 -0.004247349109847574
103 0.0014970621356211922 787.5870021291665 1.7481607495779298e-09 -0.003884592910380859
104 0.0016797313434036842 788.9751297867672 1.7036317102268107e-09 -0.003566137809297176
105 0.0018846895655683636 790.5589531638135 1.6700392009183985e-09 -0.003282592389637399
106 0.0021146564731980557 792.4478238055251 1.64533914727211e-09 -0.0030421984940624033
107 0.002372683587437325 794.8143318385041 1.6260886114310369e-09 -0.0028589310442289962
108 0.002662194771324063 797.490842063613 1.6109063029685238e-09 -0.0027635972390362916
109 0.0029870316623717918 800.8448404026344 1.593813924359402e-09 -0.0027195110546595846
110 0.0033515046487654263 804.7039894841988 1.558053297596855e-09 -0.00256127730712985
111 0.003760450065593632 809.1542985355238 1.5304518072558496e-09 -0.0025790737083489384
112 0.004219294370077078 814.1851640589099 1.4818098600308384e-09 -0.0025575831092992754
113 0.0047341261473588594 820.0050753731617 1.4288922931375596e-09 -0.0025695702642429805
114 0.005311776902330097 826.5236368468011 1.3858462398083405e-09 -0.002648820642249988
115 0.005959911709549282 833.9273442402738 1.339454557811874e-09 -0.0027098044638059894
116 0.006687130924124662 842.1154290924588 1.3092422259550454e-09 -0.0028079554731858247
117 0.007503084303201218 851.2912745100016 1.3097792022387339e-09 -0.003028145319979683
118 0.00841859905237515 861.2715289870711 1.2901857554723796e-09 -0.0030683549926191667
119 0.009445823496133942 872.3038535983718 1.2726835857520678e-09 -0.0031494279179670585
120 0.010598388278741376 884.2444523658453 1.2558069197775523e-09 -0.0032860237933689104
121 0.01189158723460545 897.3053064861008 1.2314544379783167e-09 -0.0034445101519117735
122 0.01334258032816896 911.2049882616096 1.2031280135766514e-09 -0.0036517568510312207
123 0.014970621356211926 925.9983857489029 1.148392036871101e-09 -0.0037400571014056293
124 0.01679731343403685 941.8858851010716 1.0945766206847626e-09 -0.003928673837973777
125 0.018846895655683645 958.6785771036468 1.0353516206177512e-09 -0.004157020925430201
126 0.021146564731980566 976.4889594767735 9.743459072129612e-10 -0.004376724667150432
127 0.023726835874373235 995.1901893633666 9.147806707829563e-10 -0.004642263367255544
128 0.026621947713240626 1014.9077548191933 8.585984850709633e-10 -0.004966642117897018
129 0.02987031662371793 1035.5544028420798 8.030171632183739e-10 -0.005309674565358143
130 0.033515046487654215 1057.215193032158 7.517426598652398e-10 -0.0056414679452335146
131 0.037604500655936304 1079.854082540895 6.943061197464387e-10 -0.005976325455466829
132 0.04219294370077081 1103.448586052856 6.443142989813727e-10 -0.006341967661647881
133 0.047341261473588574 1127.9706422286522 5.922411912925733e-10 -0.0066435212069530765
134 0.053117769023300954 1153.293055235896 5.467996916390672e-10 -0.0070340246515907525
135 0.059599117095492836 1179.3434909053406 5.037297101133768e-10 -0.007501754281060777
136 0.06687130924124662 1206.0739074415092 4.640190412808835e-10 -0.008056320488295953
137 0.0750308430320121 1233.2650058634565 4.231773892683292e-10 -0.00863952837647578
138 0.0841859905237515 1260.5249085479566 3.7374371753424787e-10 -0.009114058661989131
139 0.09445823496133936 1287.2898387276416 3.250234098918054e-10 -0.009487938879719044
140 0.10598388278741365 1312.9831508110965 2.78921602256318e-10 -0.009769753959530815
141 0.1189158723460546 1336.7016099923064 2.4043606020192153e-10 -0.009945857329738773
142 0.13342580328168963 1357.312576397464 2.0450348591759335e-10 -0.009682693458828929
143 0.14970621356211924 1374.161042933767 1.7338961796087656e-10 -0.009053185701628042
144 0.16797313434036862 1386.4130379918606 1.4737170924355576e-10 -0.00813538920018231
145 0.18846895655683643 1393.980958181016 1.2257868332651675e-10 -0.006817201807332712
146 0.2114656473198057 1397.2532062799812 1.0099114968426381e-10 -0.005344404091845433
147 0.23726835874373234 1397.4967164098687 8.259099268166405e-11 -0.003925743082538484
148 0.266219477132406 1396.1949443674966 6.767866552937222e-11 -0.0027350527689614518
149 0.2987031662371792 1394.6793229358402 5.601364458080687e-11 -0.0018353138743794906
150 0.33515046487654226 1394.003443343485 4.7258112495850984e-11 -0.0012200010534655279
151 0.3760450065593626 1394.9308039996006 4.0117523512220645e-11 -0.0008095745884243834
152 0.42192943700770824 1398.0783549606165 3.471854480352399e-11 -0.0005882430010791489
153 0.4734126147358859 1403.6031559355063 3.043201554766922e-11 -0.0004924099527273264
154 0.5311776902330093 1411.2108023357375 2.694253084133362e-11 -0.0004604342234067465
155 0.5959911709549288 1420.584860006753 2.399408429165682e-11 -0.0004611128123664386
156 0.6687130924124671 1431.1401683085548 2.1300008308002848e-11 -0.00046871893296056424
157 0.750308430320121 1442.0543416000157 1.883993164958965e-11 -0.00046333444780670646
158 0.8418599052375154 1452.7188748214267 1.6440794892575492e-11 -0.0004312814046872015
159 0.9445823496133939 1462.7828984177377 1.4216632373430353e-11 -0.0003820664317417124
160 1.0598388278741377 1471.9415810515416 1.2165516418372544e-11 -0.0003206408879933363
161 1.1891587234605436 1480.0929919654689 1.0292265618170421e-11 -0.0002517586253339442
162 1.334258032816894 1487.40815915894 8.588531554775874e-12 -0.00018645032892712144
163 1.497062135621193 1494.1544976041412 7.116594726692615e-12 -0.00013412624570483333
164 1.6797313434036876 1500.5800031297572 5.719401602383464e-12 -8.638768098686108e-05
165 1.8846895655683653 1507.0903809049353 4.598338561755872e-12 -5.2093412952020714e-05
166 2.114656473198053 1514.125801059774 3.679876724253207e-12 -3.025048811997384e-05
167 2.372683587437319 1522.096822720272 2.8914458677547608e-12 -1.7193862678342894e-05
168 2.6621947713240655 1531.3016201385544 2.20476185772076e-12 -9.807898547491634e-06
169 2.9870316623717934 1542.0440027971717 1.6050432412345182e-12 -4.799134255552281e-06
170 3.351504648765427 1554.7281174759403 1.0939301863060151e-12 -3.1918129643490065e-06
171 3.7604500655936266 1569.5573972659345 6.832071036773735e-13 -2.350559625532731e-06
172 4.219294370077076 1586.86385947904 3.841503218206781e-13 4.1496904900964665e-07
173 4.734126147358862 1607.1699903208746 1.953762350871843e-13 2.2965080421291286e-06
174 5.311776902330101 1630.9466264504151 9.782496584267696e-14 4.703994910014688e-06
175 5.959911709549289 1658.8092320200203 5.93041053108253e-14 6.91687695748584e-06
176 6.687130924124661 1691.4687498814392 4.9322694199255914e-14 6.930217440318014e-06
177 7.503084303201211 1729.7173157183306 4.979387971750603e-14 5.491296893604688e-06
178 8.418599052375162 1774.739786200086 5.2804902814357427e-14 2.3930318213990033e-06
179 9.445823496133947 1827.743233547032 5.669697079395555e-14 -2.6156744607504927e-06
180 10.598388278741364 1887.3207826647842 6.351763989165908e-14 -6.5127039499087005e-06
181 11.891587234605426 1950.3093689251527 7.235252715238976e-14 -6.650070181407243e-06
182 13.342580328168953 2015.2874625652187 8.148760775813777e-14 -4.590865635019365e-06
183 14.970621356211923 2082.639546804759 9.137091305695597e-14 -2.917814568755679e-06
184 16.797313434036862 2152.153777787466 9.854588574553988e-14 -2.1104071167578503e-06
185 18.84689565568364 2224.051917188509 9.987507789312893e-14 -1.6302351836220798e-06
186 21.14656473198053 2298.415887524331 9.279668414418199e-14 -1.267435984475571e-06
187 23.726835874373222 2375.2284308198896 7.562200682467628e-14 -1.1285134926511112e-06
188 26.621947713240626 2454.7120782822926 5.0574385795406304e-14 -1.1323046134781228e-06
189 29.87031662371793 2537.058774458398 2.556249958518394e-14 -1.198260192664355e-06
190 33.51504648765426 2622.1616671317074 8.650221761223961e-15 -1.1097096771133133e-06
191 37.6045006559363 2710.0931082917045 1.6499307641095914e-15 -7.411931909875223e-07
192 42.19294370077081 2800.7221006607137 1.5218880575468418e-16 -5.779032553933636e-07
193 47.34126147358862 2894.0665235225265 6.035031502130348e-18 -5.913280473658822e-07
194 53.11776902330098 2990.5845177769847 7.447992905767372e-20 -4.6997663741546125e-07
195 59.59911709549286 3090.4212127529463 1.462995588599981e-22 -3.225758853384424e-07
196 66.87130924124668 3193.6370458584715 2.131375943020534e-26 -2.3240211108842214e-07
197 75.03084303201227 3300.324900863822 8.163515734394176e-32 -1.111632009130481e-07
198 84.18599052375151 3410.679622926945 1.943667347289945e-39 -1.268112708947004e-07
199 94.45823496133944 3524.8303769431213 9.386404914289444e-50 -7.435248645182978e-07
