503
0 29.702970297029708 29.40888148220763 6838.5832256332815
1 29.40888148220763 29.11770443782934 7133.9564457205715
2 29.11770443782934 28.829410334484493 7864.494317447059
3 28.829410334484493 28.54397062820247 7220.043088805896
4 28.54397062820247 28.261357057626206 7024.02629197169
5 28.261357057626206 27.98154164121406 7208.196554556053
6 27.98154164121406 27.704496674469365 8211.959565295942
7 27.704496674469365 27.430194727197396 9279.344351882779
8 27.430194727197396 27.158608640789495 9355.470098336535
9 27.158608640789495 26.889711525534153 9005.566482421687
10 26.889711525534153 26.623476757954606 8403.7072207263
11 26.623476757954606 26.35987797817288 9104.494111466312
12 26.35987797817288 26.098889087299877 10158.591665440996
13 26.098889087299877 25.840484244851364 9828.561743706074
14 25.840484244851364 25.58463786618947 10667.177513825662
15 25.58463786618947 25.331324619989573 10094.878708972408
16 25.331324619989573 25.080519425732252 10135.355966377028
17 25.080519425732252 24.83219745122005 10448.981871378359
18 24.83219745122005 24.58633411011886 11673.579490871936
19 24.58633411011886 24.34290505952362 11809.687076789667
20 24.34290505952362 24.10188619754814 13016.120124624462
21 24.10188619754814 23.863253660938756 11919.79247945754
22 23.863253660938756 23.626983822711637 11918.97105306104
23 23.626983822711637 23.3930532898135 12689.104737581125
24 23.3930532898135 23.161438900805447 14335.634962705723
25 23.161438900805447 22.93211772356975 13993.976845154451
26 22.93211772356975 22.705067053039354 14413.450069807708
27 22.705067053039354 22.480264408949857 14140.470053045274
28 22.480264408949857 22.25768753361372 14482.428619204951
29 22.25768753361372 22.037314389716556 15218.83617760224
30 22.037314389716556 21.819123158135202 15280.432247463823
31 21.819123158135202 21.603092235777428 15791.014625953867
32 21.603092235777428 21.389200233442995 17485.844758175113
33 21.389200233442995 21.177425973705937 15996.60060977299
34 21.177425973705937 20.96774848881776 16679.80691387741
35 20.96774848881776 20.760147018631447 18570.093265928204
36 20.760147018631447 20.554601008545987 19328.231512569397
37 20.554601008545987 20.351090107471272 19061.961361998783
38 20.351090107471272 20.149594165813145 18755.162747978233
39 20.149594165813145 19.95009323347836 21282.005627407198
40 19.95009323347836 19.752567557899365 19858.457344742907
41 19.752567557899365 19.55699758207858 20953.839154677295
42 19.55699758207858 19.363363942652057 21492.367775025898
43 19.363363942652057 19.171647467972335 21628.435388600123
44 19.171647467972335 18.981829176210233 24175.164440587527
45 18.981829176210233 18.79389027347548 25806.638257382703
46 18.79389027347548 18.607812151955923 23791.53713422649
47 18.607812151955923 18.42357638807517 24193.909901773615
48 18.42357638807517 18.241164740668488 26734.38904160578
49 18.241164740668488 18.06055914917672 26673.1564256937
50 18.06055914917672 17.88174173185814 27958.087208133573
51 17.88174173185814 17.704694784017956 28739.391776933808
52 17.704694784017956 17.529400776255404 28951.920757907996
53 17.529400776255404 17.355842352728125 28833.949535153486
54 17.355842352728125 17.18400232943379 29383.000251533278
55 17.18400232943379 17.0138636925087 32497.616917231906
56 17.0138636925087 16.84540959654327 32155.366685523164
57 16.84540959654327 16.678623362914127 33455.549905479245
58 16.678623362914127 16.5134884781328 32527.448645413835
59 16.5134884781328 16.349988592210693 33811.61275911024
60 16.349988592210693 16.18810751704029 33850.41413991488
61 16.18810751704029 16.027829224792367 36155.57165172656
62 16.027829224792367 15.869137846329076 37046.05886390163
63 15.869137846329076 15.712017669632747 35733.47907780383
64 15.712017669632747 15.556453138250246 37878.8598857023
65 15.556453138250246 15.402428849752717 38187.59999700091
66 15.402428849752717 15.24992955421061 39686.050013198284
67 15.24992955421061 15.098940152683772 39785.966755923735
68 15.098940152683772 14.949445695726508 41050.991377454324
69 14.949445695726508 14.801431381907433 38675.630805420624
70 14.801431381907433 14.654882556343996 43570.10900659969
71 14.654882556343996 14.509784709251477 44062.70927989964
72 14.509784709251477 14.366123474506413 45040.74196304602
73 14.366123474506413 14.223884628224173 48221.414744601214
74 14.223884628224173 14.083054087350666 48310.20359605534
75 14.083054087350666 13.943617908267983 50514.282731363404
76 13.943617908267983 13.805562285413846 50848.78032534739
77 13.805562285413846 13.668873549914698 55378.78769858723
78 13.668873549914698 13.533538168232376 57461.7120473264
79 13.533538168232376 13.399542740824135 57230.074227093246
80 13.399542740824135 13.266874000815976 61999.34097255729
81 13.266874000815976 13.135518812689085 63924.31146799546
82 13.135518812689085 13.005464170979291 67249.34406346183
83 13.005464170979291 12.8766971989894 71575.92030565749
84 12.8766971989894 12.749205147514257 71955.02113506138
85 12.749205147514257 12.622975393578471 75518.16526079406
86 12.622975393578471 12.497995439186605 75532.41599838527
87 12.497995439186605 12.374252910085747 77936.29165789395
88 12.374252910085747 12.251735554540343 85046.62742193128
89 12.251735554540343 12.130431242119151 90702.58120221831
90 12.130431242119151 12.010327962494209 90567.37931964039
91 12.010327962494209 11.891413824251691 94503.05141881542
92 11.891413824251691 11.773677053714547 97939.78274139675
93 11.773677053714547 11.657105993776778 94474.226143707
94 11.657105993776778 11.541689102749285 99854.69204365778
95 11.541689102749285 11.427414953217115 108700.91344354974
96 11.427414953217115 11.314272230908033 112232.9918315645
97 11.314272230908033 11.202249733572312 110960.03969564104
98 11.202249733572312 11.091336369873574 114114.09732099136
99 11.091336369873574 10.981521158290668 107417.25534547103
100 10.981521158290668 10.872793226030364 110961.32034081085
101 10.872793226030364 10.765141807950855 121421.06077224927
102 10.765141807950855 10.658556245495896 116773.57417343147
103 10.658556245495896 10.5530259856395 117389.94522530005
104 10.5530259856395 10.44854057984109 118053.19715209442
105 10.44854057984109 10.34508968301098 118832.08320939154
106 10.34508968301098 10.24266305248612 137467.71935793402
107 10.24266305248612 10.141250547015959 153037.97226405062
108 10.141250547015959 10.040842125758378 153328.03868352724
109 10.040842125758378 9.94142784728552 159910.02919866616
110 9.94142784728552 9.842997868599525 154405.61973280847
111 9.842997868599525 9.745542444157948 164389.19427948882
112 9.745542444157948 9.649051924908859 166786.2697859339
113 9.649051924908859 9.553516757335505 165918.0940876863
114 9.553516757335505 9.4589274825104 172892.66673304493
115 9.4589274825104 9.365274735158813 165609.29654545034
116 9.365274735158813 9.272549242731497 174514.44362064035
117 9.272549242731497 9.180741824486631 176197.4533845342
118 9.180741824486631 9.089843390580823 174520.28876021496
119 9.089843390580823 8.99984494116913 179040.65947665655
120 8.99984494116913 8.91073756551399 175949.96701555414
121 8.91073756551399 8.82251244110296 185917.96463075958
122 8.82251244110296 8.735160832775207 177123.00130445886
123 8.735160832775207 8.648674091856641 181508.2710464987
124 8.648674091856641 8.563043655303604 185561.9318520541
125 8.563043655303604 8.478261044855055 175331.32848965493
126 8.478261044855055 8.394317866193123 188351.3280104397
127 8.394317866193123 8.311205808112003 169793.12305998555
128 8.311205808112003 8.228916641695053 182579.87488903882
129 8.228916641695053 8.147442219500052 174561.05436578076
130 8.147442219500052 8.066774474752528 183300.29260714015
131 8.066774474752528 7.986905420547056 182710.5637486235
132 7.986905420547056 7.907827149056491 182178.43117917652
133 7.907827149056491 7.8295318307490005 173149.19203682677
134 7.8295318307490005 7.752011713612872 180802.25067513066
135 7.752011713612872 7.675259122388984 176599.0845150786
136 7.675259122388984 7.599266457810875 186455.14397874346
137 7.599266457810875 7.52402619585235 183634.45889143457
138 7.52402619585235 7.449530886982525 191118.94248384595
139 7.449530886982525 7.375773155428244 195936.96888520964
140 7.375773155428244 7.302745698443805 195018.03051618242
141 7.302745698443805 7.230441285587926 192770.07638247742
142 7.230441285587926 7.158852758007847 204134.86489680217
143 7.158852758007847 7.087973027730542 197646.70039937293
144 7.087973027730542 7.017795076960932 196695.58199809404
145 7.017795076960932 6.9483119573870615 210601.92481414496
146 6.9483119573870615 6.879516789492142 222077.95119521758
147 6.879516789492142 6.811402761873407 190283.0912855826
148 6.811402761873407 6.743963130567731 208612.27734738193
149 6.743963130567731 6.677191218383892 211208.8893193677
150 6.677191218383892 6.611080414241477 195591.20224177258
151 6.611080414241477 6.545624172516314 205324.4160943913
152 6.545624172516314 6.480816012392389 222496.65415829307
153 6.480816012392389 6.416649517220188 251169.30906674993
154 6.416649517220188 6.353118333881374 292462.1422791099
155 6.353118333881374 6.290216172159776 322629.87289937015
156 6.290216172159776 6.227936804118591 312604.21991323796
157 6.227936804118591 6.166274063483753 301879.82837109745
158 6.166274063483753 6.1052218450334195 303054.5899671024
159 6.1052218450334195 6.0447741039934835 297188.7694062523
160 6.0447741039934835 5.984924855439092 311084.7591327187
161 5.984924855439092 5.925668173702072 290050.65092283627
162 5.925668173702072 5.86699819178423 279843.0173080559
163 5.86699819178423 5.808909100776465 287154.26794837165
164 5.808909100776465 5.751395149283629 300446.22773354995
165 5.751395149283629 5.694450642855078 295194.2292660391
166 5.694450642855078 5.638069943420869 298508.2853879163
167 5.638069943420869 5.5822474687335335 328077.8038122842
168 5.5822474687335335 5.526977691815381 311139.5247692383
169 5.526977691815381 5.472255140411267 338527.4350554272
170 5.472255140411267 5.4180743964468 331942.5395488217
171 5.4180743964468 5.36443009549188 346220.56295088737
172 5.36443009549188 5.311316926229584 381672.307950282
173 5.311316926229584 5.258729629930281 380805.15766874305
174 5.258729629930281 5.206662999930972 388625.2989049583
175 5.206662999930972 5.155111881119774 390181.1646988561
176 5.155111881119774 5.104071169425519 379707.808541779
177 5.104071169425519 5.053535811312395 405575.69657993055
178 5.053535811312395 5.003500803279599 370274.48659156775
179 5.003500803279599 4.95396119136594 347595.93741161923
180 4.95396119136594 4.904912070659346 328820.80082282436
181 4.904912070659346 4.856348584811234 328213.2599750716
182 4.856348584811234 4.808265925555677 310448.3332452597
183 4.808265925555677 4.760659332233344 293893.46088595124
184 4.760659332233344 4.713524091320142 311787.9731152438
185 4.713524091320142 4.666855535960537 351938.77011292125
186 4.666855535960537 4.620649045505483 332272.5348321417
187 4.620649045505483 4.5749000450549335 289393.30258826865
188 4.5749000450549335 4.5296040050048845 265891.57086707477
189 4.5296040050048845 4.484756440598896 262186.68235767854
190 4.484756440598896 4.440352911484055 258483.275167967
191 4.440352911484055 4.396389021271342 259323.7371459537
192 4.396389021271342 4.352860417100338 254571.50979066922
193 4.352860417100338 4.309762789208256 245130.5516975887
194 4.309762789208256 4.267091870503223 265804.62505051174
195 4.267091870503223 4.224843436141805 314969.74704467825
196 4.224843436141805 4.183013303110699 475775.452484846
197 4.183013303110699 4.141597329812574 807204.7277191257
198 4.141597329812574 4.100591415656013 904250.8757929882
199 4.100591415656013 4.059991500649518 957285.1077300361
200 4.059991500649518 4.019793564999523 1019729.3716790179
201 4.019793564999523 3.979993628712399 1060610.1897652496
202 3.979993628712399 3.940587751200395 1088048.2754114638
203 3.940587751200395 3.9015720308914803 1112495.7047064013
204 3.9015720308914803 3.8629426048430493 1103926.5700767217
205 3.8629426048430493 3.824695648359455 1106110.4438213708
206 3.824695648359455 3.7868273746133223 1101571.4338553646
207 3.7868273746133223 3.7493340342706154 1093363.658493971
208 3.7493340342706154 3.712211915119422 1074957.0119790018
209 3.712211915119422 3.6754573417023977 1045549.9294337966
210 3.6754573417023977 3.639066674952869 1014396.3347015303
211 3.639066674952869 3.603036311834524 968543.6171657103
212 3.603036311834524 3.5673626849846767 901735.4760239881
213 3.5673626849846767 3.5320422623610663 860257.6547197985
214 3.5320422623610663 3.497071546892145 808554.435434916
215 3.497071546892145 3.4624470761308364 772713.1501702835
216 3.4624470761308364 3.4281654219117192 761853.3617596717
217 3.4281654219117192 3.3942231900116036 739829.156255349
218 3.3942231900116036 3.3606170198134686 723187.1552591852
219 3.3606170198134686 3.327343583973732 494650.0730061789
220 3.327343583973732 3.294399588092804 631180.6500430097
221 3.294399588092804 3.2617817703889145 749806.5772220996
222 3.2617817703889145 3.229486901375163 679226.083323193
223 3.229486901375163 3.197511783539765 596523.9787571223
224 3.197511783539765 3.1658532510294703 577251.8285139104
225 3.1658532510294703 3.1345081693361094 580694.1186275296
226 3.1345081693361094 3.1034734349862467 574726.7184816593
227 3.1034734349862467 3.0727459752339077 574026.7213522529
228 3.0727459752339077 3.042322747756344 528651.467194724
229 3.042322747756344 3.0122007403528164 516200.345508284
230 3.0122007403528164 2.9823769706463525 439109.772612951
231 2.9823769706463525 2.9528484857884685 444305.73380927194
232 2.9528484857884685 2.9236123621668004 428817.0830541023
233 2.9236123621668004 2.8946657051156435 390739.1782202149
234 2.8946657051156435 2.8660056486293506 377032.8252959205
235 2.8660056486293506 2.8376293550785654 348787.8398776441
236 2.8376293550785654 2.809534014929272 335708.45695685886
237 2.809534014929272 2.781716846464626 324849.4491952374
238 2.781716846464626 2.7541750955095305 324140.5742660178
239 2.7541750955095305 2.7269060351579513 351975.7730218217
240 2.7269060351579513 2.6999069655029224 286993.899940469
241 2.6999069655029224 2.67317521336923 280514.8893595574
242 2.67317521336923 2.6467081320487424 399688.02098614
243 2.6467081320487424 2.620503101038359 470672.71136492083
244 2.620503101038359 2.5945575257805533 426790.3482980698
245 2.5945575257805533 2.5688688374064887 401613.40066244197
246 2.5688688374064887 2.543434492481672 367784.7936448508
247 2.543434492481672 2.5182519727541304 406561.40577759716
248 2.5182519727541304 2.493318784905079 484422.2488627141
249 2.493318784905079 2.4686324603020586 554993.4831864616
250 2.4686324603020586 2.4441905547545137 650878.3628773722
251 2.4441905547545137 2.4199906482717957 746026.7834212222
252 2.4199906482717957 2.39603034482356 793173.357045789
253 2.39603034482356 2.372307272102535 811280.4723109192
254 2.372307272102535 2.3488190812896383 808229.1335744757
255 2.3488190812896383 2.325563446821424 814567.9015885956
256 2.325563446821424 2.302538066159826 808019.8261689983
257 2.302538066159826 2.279740659564184 952574.0685877755
258 2.279740659564184 2.257168969865529 1091959.1480309004
259 2.257168969865529 2.234820762243098 1129772.314396221
260 2.234820762243098 2.212693824003067 1145850.5694638093
261 2.212693824003067 2.1907859643594723 1151495.8660660484
262 2.1907859643594723 2.1690950142172993 1187081.9695574401
263 2.1690950142172993 2.1476188259577222 1213569.170061926
264 2.1476188259577222 2.126355273225467 1202086.4121538668
265 2.126355273225467 2.1053022507182844 1127598.2021643731
266 2.1053022507182844 2.0844576739784992 1020074.2712146275
267 2.0844576739784992 2.063819479186633 903590.5387150521
268 2.063819479186633 2.043385622957062 783341.533471436
269 2.043385622957062 2.0231540821357052 670539.2491467696
270 2.0231540821357052 2.0031228535997085 581980.5050374897
271 2.0031228535997085 1.9832899540591173 533606.3922540332
272 1.9832899540591173 1.963653419860512 503411.1397166486
273 1.963653419860512 1.9442113067925864 476615.5326374375
274 1.9442113067925864 1.92496168989365 493181.1112124315
275 1.92496168989365 1.9059026632610394 534230.2183205434
276 1.9059026632610394 1.8870323398624154 513917.1866156846
277 1.8870323398624154 1.8683488513489264 453086.77376671415
278 1.8683488513489264 1.8498503478702242 378593.9347968039
279 1.8498503478702242 1.831534997891311 445535.7969933447
280 1.831534997891311 1.813400988011199 489131.15722369193
281 1.813400988011199 1.7954465227833656 488465.09079628525
282 1.7954465227833656 1.7776698245379856 552657.876007982
283 1.7776698245379856 1.7600691332059264 637334.0759053548
284 1.7600691332059264 1.7426427061444816 727648.256039522
285 1.7426427061444816 1.7253888179648336 786486.0713450937
286 1.7253888179648336 1.708305760361221 874256.4980484463
287 1.708305760361221 1.6913918419418033 996129.0035103331
288 1.6913918419418033 1.6746453880611911 1032361.0746593188
289 1.6746453880611911 1.6580647406546447 974160.5080738667
290 1.6580647406546447 1.6416482580739058 948507.9131411301
291 1.6416482580739058 1.625394314924659 902633.890378437
292 1.625394314924659 1.609301301905603 847128.9488696555
293 1.609301301905603 1.5933676256491118 784033.3359754807
294 1.5933676256491118 1.577591708563477 693557.5844792647
295 1.577591708563477 1.56197198867671 628613.7145860336
296 1.56197198867671 1.5465069194818912 541480.4522482861
297 1.5465069194818912 1.5311949697840506 468970.92963253375
298 1.5311949697840506 1.516034623548565 400319.95905886777
299 1.516034623548565 1.5010243797510545 350255.13739390956
300 1.5010243797510545 1.4861627522287668 302598.2706267447
301 1.4861627522287668 1.4714482695334326 264185.09225016856
302 1.4714482695334326 1.4568794747855767 241588.73122268982
303 1.4568794747855767 1.442454925530274 210350.77627851014
304 1.442454925530274 1.4281731935943307 168924.91197417228
305 1.4281731935943307 1.4140328649448817 157660.9646205486
306 1.4140328649448817 1.400032539549388 179248.1120590846
307 1.400032539549388 1.3861708312370178 189617.48936051613
308 1.3861708312370178 1.3724463675614038 175815.96979336048
309 1.3724463675614038 1.358857789664756 166735.40553583662
310 1.358857789664756 1.345403752143323 175427.53697507607
311 1.345403752143323 1.3320829229141813 223978.80725989462
312 1.3320829229141813 1.3188939830833477 416894.74210630916
313 1.3188939830833477 1.3058356268151958 478944.19663891906
314 1.3058356268151958 1.2929065612031638 511393.2761483647
315 1.2929065612031638 1.2801055061417466 509390.6251632503
316 1.2801055061417466 1.267431194199749 521780.9092957541
317 1.267431194199749 1.2548823704948011 515265.49734124384
318 1.2548823704948011 1.2424577925691098 469786.55896767264
319 1.2424577925691098 1.2301562302664457 427558.3617860914
320 1.2301562302664457 1.2179764656103422 378402.9114452084
321 1.2179764656103422 1.2059172926835073 334184.4826559188
322 1.2059172926835073 1.1939775175084228 294936.9002752749
323 1.1939775175084228 1.1821559579291314 250700.61315517165
324 1.1821559579291314 1.1704514434941897 217459.05429042032
325 1.1704514434941897 1.1588628153407816 199556.11156632367
326 1.1588628153407816 1.1473889260799819 195200.0727951521
327 1.1473889260799819 1.1360286396831505 180297.8869562924
328 1.1360286396831505 1.124780831369456 172414.68248370642
329 1.124780831369456 1.113644387494511 170648.62634704352
330 1.113644387494511 1.1026182054401097 182043.6010825229
331 1.1026182054401097 1.0917011935050591 196571.15451870675
332 1.0917011935050591 1.0808922707970885 286127.6967295236
333 1.0808922707970885 1.0701903671258302 302740.5457053108
334 1.0701903671258302 1.0595944228968615 284571.4984823792
335 1.0595944228968615 1.0491033890067936 262803.13866079034
336 1.0491033890067936 1.0387162267393995 239054.55597613723
337 1.0387162267393995 1.028431907662772 214989.8519144509
338 1.028431907662772 1.0182494135274969 186615.1708477991
339 1.0182494135274969 1.0081677361658383 162428.16843304658
340 1.0081677361658383 0.9981858773919191 138643.05438663205
341 0.9981858773919191 0.9883028489028902 119100.85855576991
342 0.9883028489028902 0.9785176721810795 100522.61725638136
343 0.9785176721810795 0.9688293783971084 88793.73070940141
344 0.9688293783971084 0.9592370083139687 80928.96658158276
345 0.9592370083139687 0.9497396121920483 74413.12853453528
346 0.9497396121920483 0.9403362496950972 68640.90614164506
347 0.9403362496950972 0.9310259897971259 57516.027713555384
348 0.9310259897971259 0.9218079106902237 63481.869607121036
349 0.9218079106902237 0.9126810996932909 68839.40523320208
350 0.9126810996932909 0.9036446531616741 67177.82097637713
351 0.9036446531616741 0.894697676397697 58633.81530223963
352 0.894697676397697 0.8858392835620764 54527.68087294484
353 0.8858392835620764 0.8770685975862142 51721.36362905712
354 0.8770685975862142 0.8683847500853606 46120.20206303733
355 0.8683847500853606 0.8597868812726344 40934.390958335214
356 0.8597868812726344 0.8512741398738952 36080.01298833406
357 0.8512741398738952 0.8428456830434606 31422.931660957296
358 0.8428456830434606 0.834500676280654 27275.46440629427
359 0.834500676280654 0.8262382933471824 23878.152516169874
360 0.8262382933471824 0.8180577161853291 20485.386243000037
361 0.8180577161853291 0.8099581348369594 17031.580137851077
362 0.8099581348369594 0.8019387473633263 14743.13420857674
363 0.8019387473633263 0.7939987597656695 11713.988337801999
364 0.7939987597656695 0.7861373859066034 8384.248132985855
365 0.7861373859066034 0.7783538474322808 5159.785517048978
366 0.7783538474322808 0.7706473736953273 1549.0809333199406
367 0.7706473736953273 0.763017201678542 50.49299748800152
368 0.763017201678542 0.7554625759193484 1374.6316756297604
369 0.7554625759193484 0.7479827484349985 2567.121522867067
370 0.7479827484349985 0.7405769786485132 3644.159429456419
371 0.7405769786485132 0.7332445333153597 4280.137507510647
372 0.7332445333153597 0.7259846864508511 4520.194857153922
373 0.7259846864508511 0.7187967192582685 4572.772749058145
374 0.7187967192582685 0.7116799200576917 4419.268702995418
375 0.7116799200576917 0.7046335842155362 4238.2583207059615
376 0.7046335842155362 0.6976570140747883 3827.8533342130363
377 0.6976570140747883 0.6907495188859292 3487.3027745347576
378 0.6907495188859292 0.6839104147385437 3519.6748272916166
379 0.6839104147385437 0.6771390244936076 3331.473469072988
380 0.6771390244936076 0.6704346777164433 2914.684013209505
381 0.6704346777164433 0.6637967106103398 2447.2985556997055
382 0.6637967106103398 0.6572244659508314 2019.8343268885983
383 0.6572244659508314 0.6507172930206251 1617.570138731392
384 0.6507172930206251 0.6442745475451734 1276.8801072665913
385 0.6442745475451734 0.6378955916288845 986.0463768154165
386 0.6378955916288845 0.6315797936919649 710.6890773384936
387 0.6315797936919649 0.625326528407886 489.06536962791915
388 0.625326528407886 0.6191351766414713 313.4074798303106
389 0.6191351766414713 0.6130051253875953 179.47492759427533
390 0.6130051253875953 0.6069357677104904 88.4215046960669
391 0.6069357677104904 0.6009265026836539 33.109338717050676
392 0.6009265026836539 0.5949767353303502 9.510966776114445
393 0.5949767353303502 0.5890858765647032 0.432420742401765
394 0.5890858765647032 0.5832533431333695 0.22646635420511702
395 0.5832533431333695 0.5774785575577916 2.3782011629636597
396 0.5774785575577916 0.5717609480770215 7.414109921596142
397 0.5717609480770215 0.5660999485911103 15.320682333487389
398 0.5660999485911103 0.5604949986050597 22.63948831681837
399 0.5604949986050597 0.5549455431733264 32.5158612548537
400 0.5549455431733264 0.5494510328448777 41.82573952911603
401 0.5494510328448777 0.5440109236087899 51.79292129342732
402 0.5440109236087899 0.538624676840386 59.97763393726757
403 0.538624676840386 0.533291759247907 66.4538142686661
404 0.533291759247907 0.5280116428197099 70.74870747800186
405 0.5280116428197099 0.5227838047719899 70.78451851376478
406 0.5227838047719899 0.5176077274970198 69.14459340630589
407 0.5176077274970198 0.5124828985119008 70.65811491459635
408 0.5124828985119008 0.5074088104078225 87.49527978322271
409 0.5074088104078225 0.5023849607998243 123.61570109761936
410 0.5023849607998243 0.4974108522770538 161.46058031851226
411 0.4974108522770538 0.4924859923535185 155.06451002207896
412 0.4924859923535185 0.4876098934193253 140.94782962389763
413 0.4876098934193253 0.4827820726924013 125.94836781403113
414 0.4827820726924013 0.4780020521706943 113.11966482854677
415 0.4780020521706943 0.4732693585848458 101.13587384840602
416 0.4732693585848458 0.4685835233513326 90.43587577679392
417 0.4685835233513326 0.4639440825260718 79.61217320127281
418 0.4639440825260718 0.4593505767584869 71.67777678405479
419 0.4593505767584869 0.45480255124602664 63.48491520856353
420 0.45480255124602664 0.45029955568913527 55.92250692846141
421 0.45029955568913527 0.44584114424666854 48.42000126957107
422 0.44584114424666854 0.441426875491751 43.10382017554355
423 0.441426875491751 0.4370563123680703 37.12806807742864
424 0.4370563123680703 0.43272902214660425 32.52151327907034
425 0.43272902214660425 0.4284445763827765 27.64552290760875
426 0.4284445763827765 0.4242025508740362 23.247095969036103
427 0.4242025508740362 0.4200025256178575 18.89346317834541
428 0.4200025256178575 0.415844084770156 14.504540082917801
429 0.415844084770156 0.41172681660411475 9.9541285197025
430 0.41172681660411475 0.4076503134694206 5.215934282625758
431 0.4076503134694206 0.4036141717519016 1.0302397579925928
432 0.4036141717519016 0.3996179918335659 2.1623803329316376
433 0.3996179918335659 0.3956613780530356 3.971797284485147
434 0.3956613780530356 0.3917439386663718 4.6445048896294825
435 0.3917439386663718 0.387865285808289 4.671869624710106
436 0.387865285808289 0.38402503545375144 4.327867664022551
437 0.38402503545375144 0.3802228073799519 3.80030543833689
438 0.3802228073799519 0.3764582251286653 3.2071091059900603
439 0.3764582251286653 0.37273091596897556 2.617500231275775
440 0.37273091596897556 0.3690405108603718 2.071175259288542
441 0.3690405108603718 0.36538664441620966 1.5898773296746709
442 0.36538664441620966 0.36176895486753435 1.1834801769381154
443 0.36176895486753435 0.3581870840272617 0.8534403307981772
444 0.3581870840272617 0.35464067725471454 0.5945238048124136
445 0.35464067725471454 0.3511293834205094 0.3968014866511606
446 0.3511293834205094 0.34765285487179154 0.24284575353892274
447 0.34765285487179154 0.34421074739781343 0.07576096425504006
448 0.34421074739781343 0.34080272019585484 0.07124887969102942
449 0.34080272019585484 0.33742843583748006 0.05373648430008681
450 0.33742843583748006 0.33408756023512876 0.02260841758641543
451 0.33408756023512876 0.3307797626090384 0.005853853732634686
452 0.3307797626090384 0.32750471545449344 0.0025570058416370667
453 0.32750471545449344 0.32426209450939947 0.008397031398276963
454 0.32426209450939947 0.32105157872217766 0.009553784713677467
455 0.32105157872217766 0.3178728502199779 0.015495020055435427
456 0.3178728502199779 0.31472559427720587 0.01749158590784267
457 0.31472559427720587 0.31160949928436216 0.015694098083252454
458 0.31160949928436216 0.30852425671719025 0.006412269802524803
459 0.30852425671719025 0.305469561106129 0.011037984836398205
460 0.305469561106129 0.30244511000606833 0.004671866072688785
461 0.30244511000606833 0.29945060396640427 0.004650526264474633
462 0.29945060396640427 0.29648574650139037 0.0018827512345194679
463 0.29648574650139037 0.2935502440607825 0.0006453119195390269
464 0.2935502440607825 0.29064380600077483 0.00011767590155818683
465 0.29064380600077483 0.2877661445552226 0.0004045312651657414
466 0.2877661445552226 0.2849169748071511 0.00011105146639156941
467 0.2849169748071511 0.2820960146605456 0.00018339604355177441
468 0.2820960146605456 0.27930298481242144 0.0004722973029193605
469 0.27930298481242144 0.2765376087251697 37.87589795698081
470 0.2765376087251697 0.27379961259917796 189.4750920072482
471 0.27379961259917796 0.27108872534572076 97.72938801761522
472 0.27108872534572076 0.26840467856011957 34.51952403517034
473 0.26840467856011957 0.2657472064951679 53.685296485823116
474 0.2657472064951679 0.2631160460348197 21.733172761564543
475 0.2631160460348197 0.26051093666813835 18.31787158336966
476 0.26051093666813835 0.25793162046350326 199.7311698952648
477 0.25793162046350326 0.25537784204307257 200.1474855719498
478 0.25537784204307257 0.2528493485574976 57.506769939480144
479 0.2528493485574976 0.25034588966088867 76.03087107115981
480 0.25034588966088867 0.24786721748602838 54.02039100085261
481 0.24786721748602838 0.24541308661983008 19.73410102315679
482 0.24541308661983008 0.24298325407903973 105.2293106644091
483 0.24298325407903973 0.24057747928617793 150.16400595708657
484 0.24057747928617793 0.2381955240457207 124.53043009141778
485 0.2381955240457207 0.23583715252051554 488.3646618274017
486 0.23583715252051554 0.23350213120843125 204.41740573059644
487 0.23350213120843125 0.23119022891923888 38.630536052240736
488 0.23119022891923888 0.22890121675172165 236.30816117416379
489 0.22890121675172165 0.22663486807101155 1620.4241276501145
490 0.22663486807101155 0.22439095848615 2217.1551100933693
491 0.22439095848615 0.22216926582787133 358.5008899762711
492 0.22216926582787133 0.21996957012660528 185.77576150539602
493 0.21996957012660528 0.2177916535906983 2708.7850298639414
494 0.2177916535906983 0.21563530058484978 1758.780670154308
495 0.21563530058484978 0.21350029760876219 1244.0557504437704
496 0.21350029760876219 0.21138643327600218 953.1015143757737
497 0.21138643327600218 0.20929349829307142 2052.300997512469
498 0.20929349829307142 0.2072212854386846 1539.732994499905
499 0.2072212854386846 0.20516958954325207 1540.9281143695807
500 0.20516958954325207 0.20313820746856645 1278.2541778677494
501 0.20313820746856645 0.20112693808768956 1161.1860832211285
502 0.20112693808768956 0.19913558226503916 604.8749844892482
