503
0 29.702970297029708 29.40888148220763 6842.188211918448
1 29.40888148220763 29.11770443782934 7134.96263688997
2 29.11770443782934 28.829410334484493 7865.232055478734
3 28.829410334484493 28.54397062820247 7225.34457208399
4 28.54397062820247 28.261357057626206 7024.25052884227
5 28.261357057626206 27.98154164121406 7209.143644661783
6 27.98154164121406 27.704496674469365 8215.897061359412
7 27.704496674469365 27.430194727197396 9268.772402196899
8 27.430194727197396 27.158608640789495 9358.215756523474
9 27.158608640789495 26.889711525534153 9009.515141782313
10 26.889711525534153 26.623476757954606 8402.572653035999
11 26.623476757954606 26.35987797817288 9113.458054238028
12 26.35987797817288 26.098889087299877 10157.973048956386
13 26.098889087299877 25.840484244851364 9820.365041922056
14 25.840484244851364 25.58463786618947 10667.319581344462
15 25.58463786618947 25.331324619989573 10096.504824793383
16 25.331324619989573 25.080519425732252 10136.04628997172
17 25.080519425732252 24.83219745122005 10454.615586048716
18 24.83219745122005 24.58633411011886 11675.2147558136
19 24.58633411011886 24.34290505952362 11809.200898704103
20 24.34290505952362 24.10188619754814 13011.49699578974
21 24.10188619754814 23.863253660938756 11929.918711465492
22 23.863253660938756 23.626983822711637 11920.99855000827
23 23.626983822711637 23.3930532898135 12687.326225047049
24 23.3930532898135 23.161438900805447 14325.212550560995
25 23.161438900805447 22.93211772356975 13996.655779044455
26 22.93211772356975 22.705067053039354 14411.932437137544
27 22.705067053039354 22.480264408949857 14142.924158053662
28 22.480264408949857 22.25768753361372 14481.915935919782
29 22.25768753361372 22.037314389716556 15219.671558081009
30 22.037314389716556 21.819123158135202 15284.797961958075
31 21.819123158135202 21.603092235777428 15790.54856138826
32 21.603092235777428 21.389200233442995 17495.37412921675
33 21.389200233442995 21.177425973705937 16003.373363282599
34 21.177425973705937 20.96774848881776 16674.85630350678
35 20.96774848881776 20.760147018631447 18576.039511519066
36 20.760147018631447 20.554601008545987 19334.48573629272
37 20.554601008545987 20.351090107471272 19054.379505524554
38 20.351090107471272 20.149594165813145 18750.293208588115
39 20.149594165813145 19.95009323347836 21289.359637433765
40 19.95009323347836 19.752567557899365 19881.819366825057
41 19.752567557899365 19.55699758207858 20971.879842031783
42 19.55699758207858 19.363363942652057 21474.36270886369
43 19.363363942652057 19.171647467972335 21640.62391955527
44 19.171647467972335 18.981829176210233 24171.852974750745
45 18.981829176210233 18.79389027347548 25780.506702667273
46 18.79389027347548 18.607812151955923 23806.53725553213
47 18.607812151955923 18.42357638807517 24215.524375027544
48 18.42357638807517 18.241164740668488 26727.72295059394
49 18.241164740668488 18.06055914917672 26690.42153452744
50 18.06055914917672 17.88174173185814 27967.180467185077
51 17.88174173185814 17.704694784017956 28722.69941824167
52 17.704694784017956 17.529400776255404 28973.612628131345
53 17.529400776255404 17.355842352728125 28834.929901350097
54 17.355842352728125 17.18400232943379 29451.383929246756
55 17.18400232943379 17.0138636925087 32445.99294570092
56 17.0138636925087 16.84540959654327 32160.81070342371
57 16.84540959654327 16.678623362914127 33465.04833762699
58 16.678623362914127 16.5134884781328 32579.398423729774
59 16.5134884781328 16.349988592210693 33891.375720584336
60 16.349988592210693 16.18810751704029 33954.53966063975
61 16.18810751704029 16.027829224792367 36121.217824921136
62 16.027829224792367 15.869137846329076 37053.73331076693
63 15.869137846329076 15.712017669632747 35801.05472967404
64 15.712017669632747 15.556453138250246 37873.52323092741
65 15.556453138250246 15.402428849752717 38222.43338427066
66 15.402428849752717 15.24992955421061 39685.92817123404
67 15.24992955421061 15.098940152683772 39794.105513025715
68 15.098940152683772 14.949445695726508 41197.470560883856
69 14.949445695726508 14.801431381907433 38746.65046913806
70 14.801431381907433 14.654882556343996 43520.178233598206
71 14.654882556343996 14.509784709251477 44061.01263908591
72 14.509784709251477 14.366123474506413 45065.85705584256
73 14.366123474506413 14.223884628224173 48273.77470724916
74 14.223884628224173 14.083054087350666 48353.03688175432
75 14.083054087350666 13.943617908267983 50417.340017493756
76 13.943617908267983 13.805562285413846 50922.18011237198
77 13.805562285413846 13.668873549914698 55486.48222784706
78 13.668873549914698 13.533538168232376 57556.82106459272
79 13.533538168232376 13.399542740824135 57345.59787201359
80 13.399542740824135 13.266874000815976 61980.738441299065
81 13.266874000815976 13.135518812689085 63970.43840675543
82 13.135518812689085 13.005464170979291 67377.88260254826
83 13.005464170979291 12.8766971989894 71596.94075228072
84 12.8766971989894 12.749205147514257 71918.30170672984
85 12.749205147514257 12.622975393578471 75441.51800426774
86 12.622975393578471 12.497995439186605 75404.92018131673
87 12.497995439186605 12.374252910085747 77866.11632187458
88 12.374252910085747 12.251735554540343 85109.37422646311
89 12.251735554540343 12.130431242119151 90544.39472221497
90 12.130431242119151 12.010327962494209 90634.51576719372
91 12.010327962494209 11.891413824251691 94450.61882219474
92 11.891413824251691 11.773677053714547 97748.71353976396
93 11.773677053714547 11.657105993776778 94468.31985611471
94 11.657105993776778 11.541689102749285 99622.26896744988
95 11.541689102749285 11.427414953217115 108668.19717428854
96 11.427414953217115 11.314272230908033 112079.23887485794
97 11.314272230908033 11.202249733572312 110937.25349206464
98 11.202249733572312 11.091336369873574 114105.73109111647
99 11.091336369873574 10.981521158290668 107448.71016637585
100 10.981521158290668 10.872793226030364 111038.02429534895
101 10.872793226030364 10.765141807950855 121239.51423282825
102 10.765141807950855 10.658556245495896 116905.25623365941
103 10.658556245495896 10.5530259856395 117216.85431652
104 10.5530259856395 10.44854057984109 118063.52470595673
105 10.44854057984109 10.34508968301098 119141.72984461668
106 10.34508968301098 10.24266305248612 137303.49375027642
107 10.24266305248612 10.141250547015959 152990.70420229484
108 10.141250547015959 10.040842125758378 152987.48738816116
109 10.040842125758378 9.94142784728552 159614.27047240417
110 9.94142784728552 9.842997868599525 154314.00226673533
111 9.842997868599525 9.745542444157948 164433.8589650545
112 9.745542444157948 9.649051924908859 166587.79249736338
113 9.649051924908859 9.553516757335505 165669.99912803565
114 9.553516757335505 9.4589274825104 172583.31350461714
115 9.4589274825104 9.365274735158813 165415.2160531865
116 9.365274735158813 9.272549242731497 174377.04737684323
117 9.272549242731497 9.180741824486631 175935.38035761483
118 9.180741824486631 9.089843390580823 174428.6682790081
119 9.089843390580823 8.99984494116913 179015.25424931984
120 8.99984494116913 8.91073756551399 175893.65947959287
121 8.91073756551399 8.82251244110296 186096.0290051778
122 8.82251244110296 8.735160832775207 177065.56083330887
123 8.735160832775207 8.648674091856641 181473.43979980054
124 8.648674091856641 8.563043655303604 185687.27481496893
125 8.563043655303604 8.478261044855055 175549.4250188105
126 8.478261044855055 8.394317866193123 188520.86010892398
127 8.394317866193123 8.311205808112003 170056.28255656117
128 8.311205808112003 8.228916641695053 182756.21139186167
129 8.228916641695053 8.147442219500052 174950.85684998057
130 8.147442219500052 8.066774474752528 183205.54479087883
131 8.066774474752528 7.986905420547056 182883.36559271612
132 7.986905420547056 7.907827149056491 182065.042278043
133 7.907827149056491 7.8295318307490005 173270.86926376686
134 7.8295318307490005 7.752011713612872 180810.9014455595
135 7.752011713612872 7.675259122388984 176857.03161955875
136 7.675259122388984 7.599266457810875 186535.02811641755
137 7.599266457810875 7.52402619585235 183697.35274696187
138 7.52402619585235 7.449530886982525 191383.17781791568
139 7.449530886982525 7.375773155428244 196491.50630855362
140 7.375773155428244 7.302745698443805 195329.60676892588
141 7.302745698443805 7.230441285587926 192611.6133784301
142 7.230441285587926 7.158852758007847 204390.18895883794
143 7.158852758007847 7.087973027730542 197735.669554879
144 7.087973027730542 7.017795076960932 196681.15647387548
145 7.017795076960932 6.9483119573870615 211050.68452338432
146 6.9483119573870615 6.879516789492142 222036.57410654493
147 6.879516789492142 6.811402761873407 190935.91755539578
148 6.811402761873407 6.743963130567731 209178.63904602712
149 6.743963130567731 6.677191218383892 211246.9322209905
150 6.677191218383892 6.611080414241477 195730.1023122656
151 6.611080414241477 6.545624172516314 205408.9204542165
152 6.545624172516314 6.480816012392389 222550.3149024239
153 6.480816012392389 6.416649517220188 251230.82121369193
154 6.416649517220188 6.353118333881374 293191.92516040424
155 6.353118333881374 6.290216172159776 322553.0391524308
156 6.290216172159776 6.227936804118591 312166.8761920483
157 6.227936804118591 6.166274063483753 301090.5300619407
158 6.166274063483753 6.1052218450334195 303483.90331322624
159 6.1052218450334195 6.0447741039934835 297516.0422323683
160 6.0447741039934835 5.984924855439092 311248.35514880496
161 5.984924855439092 5.925668173702072 290380.57853312505
162 5.925668173702072 5.86699819178423 279885.86408444674
163 5.86699819178423 5.808909100776465 287438.3491979677
164 5.808909100776465 5.751395149283629 300541.4091131175
165 5.751395149283629 5.694450642855078 295497.4571052242
166 5.694450642855078 5.638069943420869 298482.26687177276
167 5.638069943420869 5.5822474687335335 328007.7678922248
168 5.5822474687335335 5.526977691815381 311698.6797017528
169 5.526977691815381 5.472255140411267 338666.8814592502
170 5.472255140411267 5.4180743964468 331855.01655940845
171 5.4180743964468 5.36443009549188 346214.87020518794
172 5.36443009549188 5.311316926229584 382369.51574315975
173 5.311316926229584 5.258729629930281 380781.2238935831
174 5.258729629930281 5.206662999930972 389178.424240757
175 5.206662999930972 5.155111881119774 391243.7420621795
176 5.155111881119774 5.104071169425519 379203.09252999286
177 5.104071169425519 5.053535811312395 405021.2916982472
178 5.053535811312395 5.003500803279599 370167.39350703114
179 5.003500803279599 4.95396119136594 348084.314386113
180 4.95396119136594 4.904912070659346 329620.1495678454
181 4.904912070659346 4.856348584811234 329040.8485779466
182 4.856348584811234 4.808265925555677 309944.63953830115
183 4.808265925555677 4.760659332233344 294460.92868696037
184 4.760659332233344 4.713524091320142 313458.1769164156
185 4.713524091320142 4.666855535960537 354016.4823572633
186 4.666855535960537 4.620649045505483 333362.9633042023
187 4.620649045505483 4.5749000450549335 289290.89144366706
188 4.5749000450549335 4.5296040050048845 266263.4166622467
189 4.5296040050048845 4.484756440598896 263068.1854391166
190 4.484756440598896 4.440352911484055 259943.832482883
191 4.440352911484055 4.396389021271342 259603.77471849264
192 4.396389021271342 4.352860417100338 255640.03518530415
193 4.352860417100338 4.309762789208256 246334.90220846364
194 4.309762789208256 4.267091870503223 267028.9638398827
195 4.267091870503223 4.224843436141805 316112.4075354689
196 4.224843436141805 4.183013303110699 475373.954952121
197 4.183013303110699 4.141597329812574 807552.2220127969
198 4.141597329812574 4.100591415656013 902072.2149883263
199 4.100591415656013 4.059991500649518 955196.4901719964
200 4.059991500649518 4.019793564999523 1016936.3059810665
201 4.019793564999523 3.979993628712399 1058268.100172282
202 3.979993628712399 3.940587751200395 1084840.95971242
203 3.940587751200395 3.9015720308914803 1109958.0722766337
204 3.9015720308914803 3.8629426048430493 1100965.713853236
205 3.8629426048430493 3.824695648359455 1103168.6129946436
206 3.824695648359455 3.7868273746133223 1098565.8048738542
207 3.7868273746133223 3.7493340342706154 1090424.0256111277
208 3.7493340342706154 3.712211915119422 1072392.4636414847
209 3.712211915119422 3.6754573417023977 1043203.1806843381
210 3.6754573417023977 3.639066674952869 1011769.911423815
211 3.639066674952869 3.603036311834524 966236.0713504837
212 3.603036311834524 3.5673626849846767 900874.2209553106
213 3.5673626849846767 3.5320422623610663 858881.0727955517
214 3.5320422623610663 3.497071546892145 808547.2699866935
215 3.497071546892145 3.4624470761308364 771492.7372727267
216 3.4624470761308364 3.4281654219117192 758972.7004032225
217 3.4281654219117192 3.3942231900116036 738254.1989338326
218 3.3942231900116036 3.3606170198134686 723571.8806664647
219 3.3606170198134686 3.327343583973732 494636.7470415599
220 3.327343583973732 3.294399588092804 633098.8829871458
221 3.294399588092804 3.2617817703889145 749753.7361839906
222 3.2617817703889145 3.229486901375163 679771.1828092808
223 3.229486901375163 3.197511783539765 596503.0728696217
224 3.197511783539765 3.1658532510294703 577417.4021446948
225 3.1658532510294703 3.1345081693361094 580896.2597588537
226 3.1345081693361094 3.1034734349862467 576263.345046627
227 3.1034734349862467 3.0727459752339077 573339.6082703562
228 3.0727459752339077 3.042322747756344 530954.8007039173
229 3.042322747756344 3.0122007403528164 516350.39159813005
230 3.0122007403528164 2.9823769706463525 440423.1510762336
231 2.9823769706463525 2.9528484857884685 445235.81323634513
232 2.9528484857884685 2.9236123621668004 431096.0646700452
233 2.9236123621668004 2.8946657051156435 394069.85955420905
234 2.8946657051156435 2.8660056486293506 379663.20398192137
235 2.8660056486293506 2.8376293550785654 351727.6089114649
236 2.8376293550785654 2.809534014929272 337525.27137923625
237 2.809534014929272 2.781716846464626 328588.7757785657
238 2.781716846464626 2.7541750955095305 325619.79733425815
239 2.7541750955095305 2.7269060351579513 352981.94291130337
240 2.7269060351579513 2.6999069655029224 289137.7919130996
241 2.6999069655029224 2.67317521336923 281617.13906589017
242 2.67317521336923 2.6467081320487424 402206.2354000515
243 2.6467081320487424 2.620503101038359 472540.9245819388
244 2.620503101038359 2.5945575257805533 428182.89657974703
245 2.5945575257805533 2.5688688374064887 403109.3824488751
246 2.5688688374064887 2.543434492481672 369273.9162895444
247 2.543434492481672 2.5182519727541304 408007.4757766303
248 2.5182519727541304 2.493318784905079 484984.2408147935
249 2.493318784905079 2.4686324603020586 555158.1078347147
250 2.4686324603020586 2.4441905547545137 652988.7304748059
251 2.4441905547545137 2.4199906482717957 747216.1109910008
252 2.4199906482717957 2.39603034482356 792063.3703985619
253 2.39603034482356 2.372307272102535 806309.5173217132
254 2.372307272102535 2.3488190812896383 810983.9101332293
255 2.3488190812896383 2.325563446821424 814218.5895129865
256 2.325563446821424 2.302538066159826 802605.842918242
257 2.302538066159826 2.279740659564184 952124.4662209351
258 2.279740659564184 2.257168969865529 1088015.4007147278
259 2.257168969865529 2.234820762243098 1126314.3307513213
260 2.234820762243098 2.212693824003067 1142890.8386940374
261 2.212693824003067 2.1907859643594723 1149842.0693057834
262 2.1907859643594723 2.1690950142172993 1185196.4440062393
263 2.1690950142172993 2.1476188259577222 1211261.4449693798
264 2.1476188259577222 2.126355273225467 1199135.4115424529
265 2.126355273225467 2.1053022507182844 1124675.773513137
266 2.1053022507182844 2.0844576739784992 1017887.904424878
267 2.0844576739784992 2.063819479186633 901521.6993359393
268 2.063819479186633 2.043385622957062 782815.2161735091
269 2.043385622957062 2.0231540821357052 670973.9937218336
270 2.0231540821357052 2.0031228535997085 582187.8472790804
271 2.0031228535997085 1.9832899540591173 534909.8951225834
272 1.9832899540591173 1.963653419860512 504983.3953221557
273 1.963653419860512 1.9442113067925864 477071.71149890247
274 1.9442113067925864 1.92496168989365 493251.178861038
275 1.92496168989365 1.9059026632610394 534470.3943442293
276 1.9059026632610394 1.8870323398624154 514851.28550493787
277 1.8870323398624154 1.8683488513489264 453795.2420621021
278 1.8683488513489264 1.8498503478702242 380324.15925872576
279 1.8498503478702242 1.831534997891311 446509.6501633158
280 1.831534997891311 1.813400988011199 489589.7625339097
281 1.813400988011199 1.7954465227833656 489040.20693537156
282 1.7954465227833656 1.7776698245379856 552627.1637182443
283 1.7776698245379856 1.7600691332059264 636888.0745234711
284 1.7600691332059264 1.7426427061444816 726284.2760865677
285 1.7426427061444816 1.7253888179648336 784836.9536450516
286 1.7253888179648336 1.708305760361221 872281.4786191167
287 1.708305760361221 1.6913918419418033 993153.4356522444
288 1.6913918419418033 1.6746453880611911 1029449.4853001862
289 1.6746453880611911 1.6580647406546447 971257.9682351537
290 1.6580647406546447 1.6416482580739058 946025.5045290806
291 1.6416482580739058 1.625394314924659 901045.4293639996
292 1.625394314924659 1.609301301905603 845643.6714133751
293 1.609301301905603 1.5933676256491118 782536.6963509648
294 1.5933676256491118 1.577591708563477 691801.7788941279
295 1.577591708563477 1.56197198867671 628231.8611402179
296 1.56197198867671 1.5465069194818912 540728.1718065192
297 1.5465069194818912 1.5311949697840506 468593.03724517213
298 1.5311949697840506 1.516034623548565 400272.8228361864
299 1.516034623548565 1.5010243797510545 350601.51116474124
300 1.5010243797510545 1.4861627522287668 302714.71702126507
301 1.4861627522287668 1.4714482695334326 264563.2223506747
302 1.4714482695334326 1.4568794747855767 242361.19574556273
303 1.4568794747855767 1.442454925530274 211278.29493751656
304 1.442454925530274 1.4281731935943307 170029.7955678194
305 1.4281731935943307 1.4140328649448817 158701.2768602567
306 1.4140328649448817 1.400032539549388 180216.27961184306
307 1.400032539549388 1.3861708312370178 190357.24031911927
308 1.3861708312370178 1.3724463675614038 176508.07805567744
309 1.3724463675614038 1.358857789664756 167495.62490302845
310 1.358857789664756 1.345403752143323 176185.61345787498
311 1.345403752143323 1.3320829229141813 224354.61529613545
312 1.3320829229141813 1.3188939830833477 416246.3767084027
313 1.3188939830833477 1.3058356268151958 478013.27767232107
314 1.3058356268151958 1.2929065612031638 510303.35621195834
315 1.2929065612031638 1.2801055061417466 508221.10411889927
316 1.2801055061417466 1.267431194199749 520627.0417349255
317 1.267431194199749 1.2548823704948011 514348.1551200798
318 1.2548823704948011 1.2424577925691098 469305.6961552147
319 1.2424577925691098 1.2301562302664457 426877.8178575533
320 1.2301562302664457 1.2179764656103422 377859.9569414484
321 1.2179764656103422 1.2059172926835073 333534.5992722667
322 1.2059172926835073 1.1939775175084228 294493.4725798122
323 1.1939775175084228 1.1821559579291314 250409.1882875461
324 1.1821559579291314 1.1704514434941897 217404.89990487
325 1.1704514434941897 1.1588628153407816 199725.58967874513
326 1.1588628153407816 1.1473889260799819 195064.54038977475
327 1.1473889260799819 1.1360286396831505 180139.33421757582
328 1.1360286396831505 1.124780831369456 172440.96580862917
329 1.124780831369456 1.113644387494511 170592.02210227706
330 1.113644387494511 1.1026182054401097 181893.45909323188
331 1.1026182054401097 1.0917011935050591 196349.9192141381
332 1.0917011935050591 1.0808922707970885 285507.4718053105
333 1.0808922707970885 1.0701903671258302 301961.4946469367
334 1.0701903671258302 1.0595944228968615 283911.5902183906
335 1.0595944228968615 1.0491033890067936 262394.7243498828
336 1.0491033890067936 1.0387162267393995 238843.90797495542
337 1.0387162267393995 1.028431907662772 214751.1597306156
338 1.028431907662772 1.0182494135274969 186385.40245068754
339 1.0182494135274969 1.0081677361658383 162206.74265858028
340 1.0081677361658383 0.9981858773919191 138463.30686315362
341 0.9981858773919191 0.9883028489028902 118846.39984665069
342 0.9883028489028902 0.9785176721810795 100337.13674070647
343 0.9785176721810795 0.9688293783971084 88663.50977433551
344 0.9688293783971084 0.9592370083139687 80779.70668209602
345 0.9592370083139687 0.9497396121920483 74280.46289023105
346 0.9497396121920483 0.9403362496950972 68517.310109896
347 0.9403362496950972 0.9310259897971259 57434.513148472295
348 0.9310259897971259 0.9218079106902237 63304.08143146096
349 0.9218079106902237 0.9126810996932909 68595.43396064595
350 0.9126810996932909 0.9036446531616741 66935.40686748739
351 0.9036446531616741 0.894697676397697 58408.489072393146
352 0.894697676397697 0.8858392835620764 54340.24995339126
353 0.8858392835620764 0.8770685975862142 51692.62804813216
354 0.8770685975862142 0.8683847500853606 46103.4293287234
355 0.8683847500853606 0.8597868812726344 40916.61303108704
356 0.8597868812726344 0.8512741398738952 36036.6948791699
357 0.8512741398738952 0.8428456830434606 31351.88196250492
358 0.8428456830434606 0.834500676280654 27178.371403109584
359 0.834500676280654 0.8262382933471824 23802.677525821808
360 0.8262382933471824 0.8180577161853291 20422.892230405305
361 0.8180577161853291 0.8099581348369594 16971.466399279598
362 0.8099581348369594 0.8019387473633263 14721.898911168011
363 0.8019387473633263 0.7939987597656695 11711.6396188103
364 0.7939987597656695 0.7861373859066034 8382.729618612097
365 0.7861373859066034 0.7783538474322808 5159.8318046069735
366 0.7783538474322808 0.7706473736953273 1551.2133130555603
367 0.7706473736953273 0.763017201678542 51.83117166040586
368 0.763017201678542 0.7554625759193484 1373.6060321312154
369 0.7554625759193484 0.7479827484349985 2567.908128045978
370 0.7479827484349985 0.7405769786485132 3641.666162675503
371 0.7405769786485132 0.7332445333153597 4271.563726571657
372 0.7332445333153597 0.7259846864508511 4508.022263782845
373 0.7259846864508511 0.7187967192582685 4560.821303240289
374 0.7187967192582685 0.7116799200576917 4406.374912107454
375 0.7116799200576917 0.7046335842155362 4234.851890119516
376 0.7046335842155362 0.6976570140747883 3824.1201788559915
377 0.6976570140747883 0.6907495188859292 3484.537653094385
378 0.6907495188859292 0.6839104147385437 3519.7876077866563
379 0.6839104147385437 0.6771390244936076 3331.4205257588847
380 0.6771390244936076 0.6704346777164433 2914.6568939872323
381 0.6704346777164433 0.6637967106103398 2446.673386180932
382 0.6637967106103398 0.6572244659508314 2018.9300408976942
383 0.6572244659508314 0.6507172930206251 1617.1507386312176
384 0.6507172930206251 0.6442745475451734 1276.3194346485127
385 0.6442745475451734 0.6378955916288845 985.9849890838261
386 0.6378955916288845 0.6315797936919649 710.7034199118949
387 0.6315797936919649 0.625326528407886 489.0498288460416
388 0.625326528407886 0.6191351766414713 313.4318994801994
389 0.6191351766414713 0.6130051253875953 179.51624692450295
390 0.6130051253875953 0.6069357677104904 88.42148554385764
391 0.6069357677104904 0.6009265026836539 33.124022336513136
392 0.6009265026836539 0.5949767353303502 9.519611877088092
393 0.5949767353303502 0.5890858765647032 0.43926175563011155
394 0.5890858765647032 0.5832533431333695 0.2279824754351546
395 0.5832533431333695 0.5774785575577916 2.381287381801519
396 0.5774785575577916 0.5717609480770215 7.4198702810941795
397 0.5717609480770215 0.5660999485911103 15.319051767378314
398 0.5660999485911103 0.5604949986050597 22.64853460264752
399 0.5604949986050597 0.5549455431733264 32.520609076041566
400 0.5549455431733264 0.5494510328448777 41.824019654798285
401 0.5494510328448777 0.5440109236087899 51.787697232410764
402 0.5440109236087899 0.538624676840386 59.98416300446672
403 0.538624676840386 0.533291759247907 66.46191415037192
404 0.533291759247907 0.5280116428197099 70.74204854057777
405 0.5280116428197099 0.5227838047719899 70.78343307836639
406 0.5227838047719899 0.5176077274970198 69.14653037937897
407 0.5176077274970198 0.5124828985119008 70.67589542334025
408 0.5124828985119008 0.5074088104078225 87.51544863592378
409 0.5074088104078225 0.5023849607998243 123.7106103759747
410 0.5023849607998243 0.4974108522770538 161.27363276283717
411 0.4974108522770538 0.4924859923535185 154.91728266583857
412 0.4924859923535185 0.4876098934193253 140.94960714855745
413 0.4876098934193253 0.4827820726924013 125.83510081068248
414 0.4827820726924013 0.4780020521706943 113.05539308635687
415 0.4780020521706943 0.4732693585848458 101.10047040245564
416 0.4732693585848458 0.4685835233513326 90.42182160256513
417 0.4685835233513326 0.4639440825260718 79.49712349451711
418 0.4639440825260718 0.4593505767584869 71.66672967131312
419 0.4593505767584869 0.45480255124602664 63.4860155124515
420 0.45480255124602664 0.45029955568913527 55.9125446254491
421 0.45029955568913527 0.44584114424666854 48.31548415264952
422 0.44584114424666854 0.441426875491751 43.101586752389295
423 0.441426875491751 0.4370563123680703 37.05168686588782
424 0.4370563123680703 0.43272902214660425 32.519634150466544
425 0.43272902214660425 0.4284445763827765 27.60846890470993
426 0.4284445763827765 0.4242025508740362 23.239250507447775
427 0.4242025508740362 0.4200025256178575 18.887504850239157
428 0.4200025256178575 0.415844084770156 14.502866103949717
429 0.415844084770156 0.41172681660411475 9.952522988837146
430 0.41172681660411475 0.4076503134694206 5.213571793917562
431 0.4076503134694206 0.4036141717519016 1.0334719892757587
432 0.4036141717519016 0.3996179918335659 2.1629802083150387
433 0.3996179918335659 0.3956613780530356 3.9716516169462044
434 0.3956613780530356 0.3917439386663718 4.644048013025644
435 0.3917439386663718 0.387865285808289 4.671644311646341
436 0.387865285808289 0.38402503545375144 4.327839047655726
437 0.38402503545375144 0.3802228073799519 3.800325359322665
438 0.3802228073799519 0.3764582251286653 3.207064613219186
439 0.3764582251286653 0.37273091596897556 2.6174586945659426
440 0.37273091596897556 0.3690405108603718 2.0711519211455522
441 0.3690405108603718 0.36538664441620966 1.5898413531689044
442 0.36538664441620966 0.36176895486753435 1.1834686057597317
443 0.36176895486753435 0.3581870840272617 0.8534064701643368
444 0.3581870840272617 0.35464067725471454 0.5945296620650837
445 0.35464067725471454 0.3511293834205094 0.396845254164605
446 0.3511293834205094 0.34765285487179154 0.242884827004856
447 0.34765285487179154 0.34421074739781343 0.07583605831703458
448 0.34421074739781343 0.34080272019585484 0.07137754248686598
449 0.34080272019585484 0.33742843583748006 0.053744783000738115
450 0.33742843583748006 0.33408756023512876 0.02261652659417634
451 0.33408756023512876 0.3307797626090384 0.005851694057799269
452 0.3307797626090384 0.32750471545449344 0.0025661260283792566
453 0.32750471545449344 0.32426209450939947 0.008399457714930619
454 0.32426209450939947 0.32105157872217766 0.009540614072294474
455 0.32105157872217766 0.3178728502199779 0.015482961707191724
456 0.3178728502199779 0.31472559427720587 0.017490280389409477
457 0.31472559427720587 0.31160949928436216 0.015661435141618118
458 0.31160949928436216 0.30852425671719025 0.006404326982020726
459 0.30852425671719025 0.305469561106129 0.011002627536946391
460 0.305469561106129 0.30244511000606833 0.004670962624769488
461 0.30244511000606833 0.29945060396640427 0.004636630429380469
462 0.29945060396640427 0.29648574650139037 0.0018790506535407145
463 0.29648574650139037 0.2935502440607825 0.0006454275429937585
464 0.2935502440607825 0.29064380600077483 0.00011816359465104875
465 0.29064380600077483 0.2877661445552226 0.000405600347559899
466 0.2877661445552226 0.2849169748071511 0.00011155741898300694
467 0.2849169748071511 0.2820960146605456 0.00018377554586595157
468 0.2820960146605456 0.27930298481242144 0.00047186531702188186
469 0.27930298481242144 0.2765376087251697 43.66318804122482
470 0.2765376087251697 0.27379961259917796 191.8048843950203
471 0.27379961259917796 0.27108872534572076 98.97470991434263
472 0.27108872534572076 0.26840467856011957 35.33990389773418
473 0.26840467856011957 0.2657472064951679 54.37444033790049
474 0.2657472064951679 0.2631160460348197 22.34045130948117
475 0.2631160460348197 0.26051093666813835 19.784498012678803
476 0.26051093666813835 0.25793162046350326 204.23707116427917
477 0.25793162046350326 0.25537784204307257 202.1137402482932
478 0.25537784204307257 0.2528493485574976 58.744512578616074
479 0.2528493485574976 0.25034588966088867 77.87175696030108
480 0.25034588966088867 0.24786721748602838 55.322747519231115
481 0.24786721748602838 0.24541308661983008 20.122760018584113
482 0.24541308661983008 0.24298325407903973 109.12734363514951
483 0.24298325407903973 0.24057747928617793 152.0899429095095
484 0.24057747928617793 0.2381955240457207 127.93825315118065
485 0.2381955240457207 0.23583715252051554 504.8546351169716
486 0.23583715252051554 0.23350213120843125 208.1643751445959
487 0.23350213120843125 0.23119022891923888 39.86176310484527
488 0.23119022891923888 0.22890121675172165 240.25446828092115
489 0.22890121675172165 0.22663486807101155 1665.5585998092104
490 0.22663486807101155 0.22439095848615 2238.5072767544852
491 0.22439095848615 0.22216926582787133 365.15955109998737
492 0.22216926582787133 0.21996957012660528 199.82230265581734
493 0.21996957012660528 0.2177916535906983 2714.3823479516354
494 0.2177916535906983 0.21563530058484978 1765.5831103174917
495 0.21563530058484978 0.21350029760876219 1250.4347598553659
496 0.21350029760876219 0.21138643327600218 961.3091788817551
497 0.21138643327600218 0.20929349829307142 2040.653901098055
498 0.20929349829307142 0.2072212854386846 1531.3945778940833
499 0.2072212854386846 0.20516958954325207 1531.3582001671248
500 0.20516958954325207 0.20313820746856645 1270.2700075240355
501 0.20313820746856645 0.20112693808768956 1152.7139429881938
502 0.20112693808768956 0.19913558226503916 599.1417080805493
