503
0 29.702970297029708 29.40888148220763 6842.469610528079
1 29.40888148220763 29.11770443782934 7135.700494544396
2 29.11770443782934 28.829410334484493 7866.559689672371
3 28.829410334484493 28.54397062820247 7224.320122739344
4 28.54397062820247 28.261357057626206 7024.002108183624
5 28.261357057626206 27.98154164121406 7208.819896478461
6 27.98154164121406 27.704496674469365 8216.112874464634
7 27.704496674469365 27.430194727197396 9269.97757362161
8 27.430194727197396 27.158608640789495 9357.952598507876
9 27.158608640789495 26.889711525534153 9010.43189221793
10 26.889711525534153 26.623476757954606 8403.10715710912
11 26.623476757954606 26.35987797817288 9111.274574230822
12 26.35987797817288 26.098889087299877 10157.316629820336
13 26.098889087299877 25.840484244851364 9819.748802832268
14 25.840484244851364 25.58463786618947 10665.47935974598
15 25.58463786618947 25.331324619989573 10095.68222710003
16 25.331324619989573 25.080519425732252 10137.480820500243
17 25.080519425732252 24.83219745122005 10453.350857482896
18 24.83219745122005 24.58633411011886 11675.135933700447
19 24.58633411011886 24.34290505952362 11806.00013842566
20 24.34290505952362 24.10188619754814 13017.276742669543
21 24.10188619754814 23.863253660938756 11926.42571415636
22 23.863253660938756 23.626983822711637 11919.579932702316
23 23.626983822711637 23.3930532898135 12688.40205334285
24 23.3930532898135 23.161438900805447 14324.64442015566
25 23.161438900805447 22.93211772356975 13991.511860349869
26 22.93211772356975 22.705067053039354 14413.481163538007
27 22.705067053039354 22.480264408949857 14142.053000604577
28 22.480264408949857 22.25768753361372 14479.075820252663
29 22.25768753361372 22.037314389716556 15220.831060275492
30 22.037314389716556 21.819123158135202 15286.4767088068
31 21.819123158135202 21.603092235777428 15794.341102920594
32 21.603092235777428 21.389200233442995 17494.52888819061
33 21.389200233442995 21.177425973705937 16002.385767059854
34 21.177425973705937 20.96774848881776 16675.03924899885
35 20.96774848881776 20.760147018631447 18576.312435364034
36 20.760147018631447 20.554601008545987 19336.99832376387
37 20.554601008545987 20.351090107471272 19056.462557122417
38 20.351090107471272 20.149594165813145 18744.8389787001
39 20.149594165813145 19.95009323347836 21280.226295446373
40 19.95009323347836 19.752567557899365 19889.255100075057
41 19.752567557899365 19.55699758207858 20972.01061412726
42 19.55699758207858 19.363363942652057 21474.3661608312
43 19.363363942652057 19.171647467972335 21640.36731864002
44 19.171647467972335 18.981829176210233 24170.3568595033
45 18.981829176210233 18.79389027347548 25780.556481077056
46 18.79389027347548 18.607812151955923 23808.523185556038
47 18.607812151955923 18.42357638807517 24215.40073640246
48 18.42357638807517 18.241164740668488 26728.005700138157
49 18.241164740668488 18.06055914917672 26689.3689108168
50 18.06055914917672 17.88174173185814 27959.972137919565
51 17.88174173185814 17.704694784017956 28732.532862357948
52 17.704694784017956 17.529400776255404 28975.873918856778
53 17.529400776255404 17.355842352728125 28837.119853744654
54 17.355842352728125 17.18400232943379 29447.171491217396
55 17.18400232943379 17.0138636925087 32457.336341806928
56 17.0138636925087 16.84540959654327 32162.453601691836
57 16.84540959654327 16.678623362914127 33468.10265692406
58 16.678623362914127 16.5134884781328 32571.22984981056
59 16.5134884781328 16.349988592210693 33890.106104809216
60 16.349988592210693 16.18810751704029 33956.828111644034
61 16.18810751704029 16.027829224792367 36132.987753049856
62 16.027829224792367 15.869137846329076 37034.490684708755
63 15.869137846329076 15.712017669632747 35804.78395726392
64 15.712017669632747 15.556453138250246 37888.24410761369
65 15.556453138250246 15.402428849752717 38238.354461594325
66 15.402428849752717 15.24992955421061 39692.736501458145
67 15.24992955421061 15.098940152683772 39760.909155585316
68 15.098940152683772 14.949445695726508 41184.19149999871
69 14.949445695726508 14.801431381907433 38738.20857752075
70 14.801431381907433 14.654882556343996 43540.03114507237
71 14.654882556343996 14.509784709251477 44046.89313605506
72 14.509784709251477 14.366123474506413 45074.13458440054
73 14.366123474506413 14.223884628224173 48279.55048565006
74 14.223884628224173 14.083054087350666 48371.67464734435
75 14.083054087350666 13.943617908267983 50416.21465216126
76 13.943617908267983 13.805562285413846 50939.67672224885
77 13.805562285413846 13.668873549914698 55456.71860107369
78 13.668873549914698 13.533538168232376 57538.82159388643
79 13.533538168232376 13.399542740824135 57358.18117472596
80 13.399542740824135 13.266874000815976 61991.56265824673
81 13.266874000815976 13.135518812689085 64000.67303538748
82 13.135518812689085 13.005464170979291 67368.87973990441
83 13.005464170979291 12.8766971989894 71561.48677003816
84 12.8766971989894 12.749205147514257 71941.09258636677
85 12.749205147514257 12.622975393578471 75460.46601259914
86 12.622975393578471 12.497995439186605 75410.3705024388
87 12.497995439186605 12.374252910085747 77853.64450000628
88 12.374252910085747 12.251735554540343 85080.94778634697
89 12.251735554540343 12.130431242119151 90554.18803395572
90 12.130431242119151 12.010327962494209 90629.58306905114
91 12.010327962494209 11.891413824251691 94452.55721394633
92 11.891413824251691 11.773677053714547 97763.55834236371
93 11.773677053714547 11.657105993776778 94474.01119342237
94 11.657105993776778 11.541689102749285 99635.77454456204
95 11.541689102749285 11.427414953217115 108638.53498259987
96 11.427414953217115 11.314272230908033 112081.9957611344
97 11.314272230908033 11.202249733572312 110915.17571314475
98 11.202249733572312 11.091336369873574 114186.91355108078
99 11.091336369873574 10.981521158290668 107405.71397014057
100 10.981521158290668 10.872793226030364 111046.90060169909
101 10.872793226030364 10.765141807950855 121248.74718032467
102 10.765141807950855 10.658556245495896 116911.42549122288
103 10.658556245495896 10.5530259856395 117153.66903614791
104 10.5530259856395 10.44854057984109 118077.6403266829
105 10.44854057984109 10.34508968301098 119096.86100328309
106 10.34508968301098 10.24266305248612 137280.95120722856
107 10.24266305248612 10.141250547015959 153035.96770270215
108 10.141250547015959 10.040842125758378 152992.80818373896
109 10.040842125758378 9.94142784728552 159617.01937995065
110 9.94142784728552 9.842997868599525 154364.07523021905
111 9.842997868599525 9.745542444157948 164402.39558882252
112 9.745542444157948 9.649051924908859 166655.23622435375
113 9.649051924908859 9.553516757335505 165658.96257055175
114 9.553516757335505 9.4589274825104 172615.0717972088
115 9.4589274825104 9.365274735158813 165424.00071093862
116 9.365274735158813 9.272549242731497 174491.7254626083
117 9.272549242731497 9.180741824486631 175872.3293284313
118 9.180741824486631 9.089843390580823 174431.51038940382
119 9.089843390580823 8.99984494116913 179014.7591020898
120 8.99984494116913 8.91073756551399 175869.46882571199
121 8.91073756551399 8.82251244110296 186017.3226494864
122 8.82251244110296 8.735160832775207 177102.32393560506
123 8.735160832775207 8.648674091856641 181446.4896343731
124 8.648674091856641 8.563043655303604 185709.46536083167
125 8.563043655303604 8.478261044855055 175457.03374584226
126 8.478261044855055 8.394317866193123 188478.00766570965
127 8.394317866193123 8.311205808112003 170068.06894498147
128 8.311205808112003 8.228916641695053 182718.17948722016
129 8.228916641695053 8.147442219500052 174833.1913249345
130 8.147442219500052 8.066774474752528 183091.77114343824
131 8.066774474752528 7.986905420547056 182872.79973373347
132 7.986905420547056 7.907827149056491 182019.7753198924
133 7.907827149056491 7.8295318307490005 173244.34332241066
134 7.8295318307490005 7.752011713612872 180855.33114171276
135 7.752011713612872 7.675259122388984 176920.5962372967
136 7.675259122388984 7.599266457810875 186358.74714556878
137 7.599266457810875 7.52402619585235 183671.92677387482
138 7.52402619585235 7.449530886982525 191302.51244918382
139 7.449530886982525 7.375773155428244 196390.81822485023
140 7.375773155428244 7.302745698443805 195332.62567453829
141 7.302745698443805 7.230441285587926 192507.63594085613
142 7.230441285587926 7.158852758007847 204333.98644003834
143 7.158852758007847 7.087973027730542 197741.96381081437
144 7.087973027730542 7.017795076960932 196605.29421991736
145 7.017795076960932 6.9483119573870615 210955.36350417073
146 6.9483119573870615 6.879516789492142 222019.4097270847
147 6.879516789492142 6.811402761873407 190866.81637706465
148 6.811402761873407 6.743963130567731 209164.38936500184
149 6.743963130567731 6.677191218383892 211165.35542026052
150 6.677191218383892 6.611080414241477 195745.73586558647
151 6.611080414241477 6.545624172516314 205429.96837869645
152 6.545624172516314 6.480816012392389 222588.11479468702
153 6.480816012392389 6.416649517220188 251170.73622167102
154 6.416649517220188 6.353118333881374 293382.9242213594
155 6.353118333881374 6.290216172159776 322677.8806742292
156 6.290216172159776 6.227936804118591 312058.57441193337
157 6.227936804118591 6.166274063483753 301078.3640164641
158 6.166274063483753 6.1052218450334195 303556.0642848303
159 6.1052218450334195 6.0447741039934835 297601.20714794745
160 6.0447741039934835 5.984924855439092 311333.73083136795
161 5.984924855439092 5.925668173702072 290460.0441055262
162 5.925668173702072 5.86699819178423 279805.46722160955
163 5.86699819178423 5.808909100776465 287328.58494099963
164 5.808909100776465 5.751395149283629 300526.7790245251
165 5.751395149283629 5.694450642855078 295317.74741484754
166 5.694450642855078 5.638069943420869 298486.2309687385
167 5.638069943420869 5.5822474687335335 327935.81445960765
168 5.5822474687335335 5.526977691815381 311509.51391129877
169 5.526977691815381 5.472255140411267 338746.65765229333
170 5.472255140411267 5.4180743964468 331947.59769258375
171 5.4180743964468 5.36443009549188 346291.2718859508
172 5.36443009549188 5.311316926229584 382352.5912663446
173 5.311316926229584 5.258729629930281 380536.85079591454
174 5.258729629930281 5.206662999930972 388995.5017111543
175 5.206662999930972 5.155111881119774 391507.18163355556
176 5.155111881119774 5.104071169425519 379322.8242442185
177 5.104071169425519 5.053535811312395 405313.3817446319
178 5.053535811312395 5.003500803279599 369616.31244148954
179 5.003500803279599 4.95396119136594 348177.1760926752
180 4.95396119136594 4.904912070659346 329540.62312742905
181 4.904912070659346 4.856348584811234 328705.1258158253
182 4.856348584811234 4.808265925555677 309875.01837307727
183 4.808265925555677 4.760659332233344 294455.3778244856
184 4.760659332233344 4.713524091320142 313589.91744122416
185 4.713524091320142 4.666855535960537 354057.30949720176
186 4.666855535960537 4.620649045505483 333271.83184019075
187 4.620649045505483 4.5749000450549335 289204.0608092524
188 4.5749000450549335 4.5296040050048845 266283.0668314797
189 4.5296040050048845 4.484756440598896 262970.89680501714
190 4.484756440598896 4.440352911484055 260007.41331777396
191 4.440352911484055 4.396389021271342 259274.6578749189
192 4.396389021271342 4.352860417100338 255108.66661284247
193 4.352860417100338 4.309762789208256 246567.45836649006
194 4.309762789208256 4.267091870503223 267001.0170303311
195 4.267091870503223 4.224843436141805 316126.25042932574
196 4.224843436141805 4.183013303110699 475653.1317746217
197 4.183013303110699 4.141597329812574 807257.4904725304
198 4.141597329812574 4.100591415656013 902316.3105874694
199 4.100591415656013 4.059991500649518 955368.4538702867
200 4.059991500649518 4.019793564999523 1017296.9439209582
201 4.019793564999523 3.979993628712399 1058565.9593234665
202 3.979993628712399 3.940587751200395 1085201.7832989697
203 3.940587751200395 3.9015720308914803 1110312.4148850502
204 3.9015720308914803 3.8629426048430493 1101297.4703012458
205 3.8629426048430493 3.824695648359455 1103486.3605492667
206 3.824695648359455 3.7868273746133223 1098884.5894554409
207 3.7868273746133223 3.7493340342706154 1090735.965605649
208 3.7493340342706154 3.712211915119422 1072638.1267236795
209 3.712211915119422 3.6754573417023977 1043498.2676910663
210 3.6754573417023977 3.639066674952869 1011849.7329009771
211 3.639066674952869 3.603036311834524 966446.40371132
212 3.603036311834524 3.5673626849846767 901165.4592954116
213 3.5673626849846767 3.5320422623610663 858981.6532151576
214 3.5320422623610663 3.497071546892145 808984.9903808637
215 3.497071546892145 3.4624470761308364 771104.9881335441
216 3.4624470761308364 3.4281654219117192 759452.7775634408
217 3.4281654219117192 3.3942231900116036 737877.2849998113
218 3.3942231900116036 3.3606170198134686 723454.3301156042
219 3.3606170198134686 3.327343583973732 494485.2866619083
220 3.327343583973732 3.294399588092804 632468.5922084015
221 3.294399588092804 3.2617817703889145 749870.2911842259
222 3.2617817703889145 3.229486901375163 679993.6139431164
223 3.229486901375163 3.197511783539765 596914.7207502982
224 3.197511783539765 3.1658532510294703 577319.7200478986
225 3.1658532510294703 3.1345081693361094 581145.4068139658
226 3.1345081693361094 3.1034734349862467 576537.7154817117
227 3.1034734349862467 3.0727459752339077 572457.8692184429
228 3.0727459752339077 3.042322747756344 531179.2390419263
229 3.042322747756344 3.0122007403528164 516729.9664104132
230 3.0122007403528164 2.9823769706463525 440135.34955138876
231 2.9823769706463525 2.9528484857884685 444916.06114061264
232 2.9528484857884685 2.9236123621668004 431161.4649987367
233 2.9236123621668004 2.8946657051156435 394018.1668823121
234 2.8946657051156435 2.8660056486293506 379189.530729813
235 2.8660056486293506 2.8376293550785654 351439.61331839993
236 2.8376293550785654 2.809534014929272 336925.16569626896
237 2.809534014929272 2.781716846464626 328327.4855871673
238 2.781716846464626 2.7541750955095305 324588.4716132704
239 2.7541750955095305 2.7269060351579513 353640.0139334358
240 2.7269060351579513 2.6999069655029224 288758.77694703103
241 2.6999069655029224 2.67317521336923 281222.83053317026
242 2.67317521336923 2.6467081320487424 402420.4079605296
243 2.6467081320487424 2.620503101038359 472205.8222655973
244 2.620503101038359 2.5945575257805533 428043.8483953836
245 2.5945575257805533 2.5688688374064887 403065.7525824172
246 2.5688688374064887 2.543434492481672 368966.4708837306
247 2.543434492481672 2.5182519727541304 407887.5393842575
248 2.5182519727541304 2.493318784905079 485272.5807886941
249 2.493318784905079 2.4686324603020586 555686.6090175451
250 2.4686324603020586 2.4441905547545137 652849.3659846
251 2.4441905547545137 2.4199906482717957 746626.1402259101
252 2.4199906482717957 2.39603034482356 791472.2493555367
253 2.39603034482356 2.372307272102535 806199.6988492027
254 2.372307272102535 2.3488190812896383 810842.9301583727
255 2.3488190812896383 2.325563446821424 814337.577553007
256 2.325563446821424 2.302538066159826 803229.9954146014
257 2.302538066159826 2.279740659564184 952754.1059841638
258 2.279740659564184 2.257168969865529 1088363.9237759756
259 2.257168969865529 2.234820762243098 1126495.9563400748
260 2.234820762243098 2.212693824003067 1142928.5450542378
261 2.212693824003067 2.1907859643594723 1150031.403485897
262 2.1907859643594723 2.1690950142172993 1185550.2066361543
263 2.1690950142172993 2.1476188259577222 1211499.189810245
264 2.1476188259577222 2.126355273225467 1199393.8082245989
265 2.126355273225467 2.1053022507182844 1124874.627678717
266 2.1053022507182844 2.0844576739784992 1018129.609096896
267 2.0844576739784992 2.063819479186633 901482.7033719807
268 2.063819479186633 2.043385622957062 782558.9084350015
269 2.043385622957062 2.0231540821357052 671263.1672188347
270 2.0231540821357052 2.0031228535997085 582638.2109939962
271 2.0031228535997085 1.9832899540591173 535055.0020663467
272 1.9832899540591173 1.963653419860512 504323.6207408908
273 1.963653419860512 1.9442113067925864 477129.14616296074
274 1.9442113067925864 1.92496168989365 493088.52608711395
275 1.92496168989365 1.9059026632610394 534691.7118685398
276 1.9059026632610394 1.8870323398624154 514784.9896121806
277 1.8870323398624154 1.8683488513489264 453657.3204030321
278 1.8683488513489264 1.8498503478702242 380168.6124751166
279 1.8498503478702242 1.831534997891311 446365.12714766676
280 1.831534997891311 1.813400988011199 489524.101429546
281 1.813400988011199 1.7954465227833656 488972.3407578447
282 1.7954465227833656 1.7776698245379856 552598.9703682329
283 1.7776698245379856 1.7600691332059264 636912.6389173763
284 1.7600691332059264 1.7426427061444816 726379.3708981946
285 1.7426427061444816 1.7253888179648336 785054.8371561726
286 1.7253888179648336 1.708305760361221 872480.5183907513
287 1.708305760361221 1.6913918419418033 993434.3005014512
288 1.6913918419418033 1.6746453880611911 1029795.3815916894
289 1.6746453880611911 1.6580647406546447 971386.3947819406
290 1.6580647406546447 1.6416482580739058 946348.0641804595
291 1.6416482580739058 1.625394314924659 901146.0278681372
292 1.625394314924659 1.609301301905603 845712.0119454927
293 1.609301301905603 1.5933676256491118 782821.1265961204
294 1.5933676256491118 1.577591708563477 692060.2567380824
295 1.577591708563477 1.56197198867671 628380.7679789026
296 1.56197198867671 1.5465069194818912 540903.59859787
297 1.5465069194818912 1.5311949697840506 468569.44106927654
298 1.5311949697840506 1.516034623548565 400134.8990656733
299 1.516034623548565 1.5010243797510545 350565.0044824618
300 1.5010243797510545 1.4861627522287668 302717.9634067174
301 1.4861627522287668 1.4714482695334326 264546.8738870688
302 1.4714482695334326 1.4568794747855767 242372.21976656996
303 1.4568794747855767 1.442454925530274 211216.44905784237
304 1.442454925530274 1.4281731935943307 169902.4943450123
305 1.4281731935943307 1.4140328649448817 158625.27766229887
306 1.4140328649448817 1.400032539549388 180119.44377837563
307 1.400032539549388 1.3861708312370178 190275.55638322912
308 1.3861708312370178 1.3724463675614038 176438.01199135926
309 1.3724463675614038 1.358857789664756 167415.39774235516
310 1.358857789664756 1.345403752143323 176107.3490404703
311 1.345403752143323 1.3320829229141813 224300.44568826648
312 1.3320829229141813 1.3188939830833477 416228.2973078643
313 1.3188939830833477 1.3058356268151958 478064.23072161444
314 1.3058356268151958 1.2929065612031638 510403.1819519589
315 1.2929065612031638 1.2801055061417466 508314.93469228543
316 1.2801055061417466 1.267431194199749 520707.1306187935
317 1.267431194199749 1.2548823704948011 514442.1135037143
318 1.2548823704948011 1.2424577925691098 469401.7444389422
319 1.2424577925691098 1.2301562302664457 426926.64519991406
320 1.2301562302664457 1.2179764656103422 377956.01278663176
321 1.2179764656103422 1.2059172926835073 333600.5061091819
322 1.2059172926835073 1.1939775175084228 294546.1620497479
323 1.1939775175084228 1.1821559579291314 250434.05135428187
324 1.1821559579291314 1.1704514434941897 217357.05317389345
325 1.1704514434941897 1.1588628153407816 199803.41298823105
326 1.1588628153407816 1.1473889260799819 195078.88799042598
327 1.1473889260799819 1.1360286396831505 180137.56353572154
328 1.1360286396831505 1.124780831369456 172439.98221567625
329 1.124780831369456 1.113644387494511 170590.95434221852
330 1.113644387494511 1.1026182054401097 181899.04996557624
331 1.1026182054401097 1.0917011935050591 196366.7509622247
332 1.0917011935050591 1.0808922707970885 285581.6757122036
333 1.0808922707970885 1.0701903671258302 302056.53731417184
334 1.0701903671258302 1.0595944228968615 283984.2865221515
335 1.0595944228968615 1.0491033890067936 262446.4951543663
336 1.0491033890067936 1.0387162267393995 238861.42645288445
337 1.0387162267393995 1.028431907662772 214777.43941952553
338 1.028431907662772 1.0182494135274969 186421.19803044503
339 1.0182494135274969 1.0081677361658383 162232.76517505213
340 1.0081677361658383 0.9981858773919191 138485.23351668473
341 0.9981858773919191 0.9883028489028902 118873.02197300577
342 0.9883028489028902 0.9785176721810795 100354.48807853623
343 0.9785176721810795 0.9688293783971084 88670.8410915495
344 0.9688293783971084 0.9592370083139687 80782.87423243506
345 0.9592370083139687 0.9497396121920483 74289.96946719862
346 0.9497396121920483 0.9403362496950972 68530.27130416757
347 0.9403362496950972 0.9310259897971259 57447.45900769453
348 0.9310259897971259 0.9218079106902237 63319.846024753126
349 0.9218079106902237 0.9126810996932909 68616.87858478558
350 0.9126810996932909 0.9036446531616741 66963.95988762319
351 0.9036446531616741 0.894697676397697 58428.67068713545
352 0.894697676397697 0.8858392835620764 54361.400193796355
353 0.8858392835620764 0.8770685975862142 51697.383574468266
354 0.8770685975862142 0.8683847500853606 46106.17923265494
355 0.8683847500853606 0.8597868812726344 40919.465476755075
356 0.8597868812726344 0.8512741398738952 36044.67949180941
357 0.8512741398738952 0.8428456830434606 31360.959328854064
358 0.8428456830434606 0.834500676280654 27188.22353188422
359 0.834500676280654 0.8262382933471824 23812.84868131331
360 0.8262382933471824 0.8180577161853291 20428.777576067114
361 0.8180577161853291 0.8099581348369594 16976.781373315178
362 0.8099581348369594 0.8019387473633263 14725.829945471509
363 0.8019387473633263 0.7939987597656695 11712.02625851411
364 0.7939987597656695 0.7861373859066034 8382.932815108796
365 0.7861373859066034 0.7783538474322808 5160.0146201009375
366 0.7783538474322808 0.7706473736953273 1551.0463140783183
367 0.7706473736953273 0.763017201678542 51.719446091180366
368 0.763017201678542 0.7554625759193484 1373.6077691348119
369 0.7554625759193484 0.7479827484349985 2567.830625244476
370 0.7479827484349985 0.7405769786485132 3641.952313941694
371 0.7405769786485132 0.7332445333153597 4272.957789719679
372 0.7332445333153597 0.7259846864508511 4509.08710927621
373 0.7259846864508511 0.7187967192582685 4562.494700021379
374 0.7187967192582685 0.7116799200576917 4408.114534701597
375 0.7116799200576917 0.7046335842155362 4235.2609518375575
376 0.7046335842155362 0.6976570140747883 3824.592535739405
377 0.6976570140747883 0.6907495188859292 3485.341238754637
378 0.6907495188859292 0.6839104147385437 3519.815121910872
379 0.6839104147385437 0.6771390244936076 3331.412408602238
380 0.6771390244936076 0.6704346777164433 2914.6923031247284
381 0.6704346777164433 0.6637967106103398 2446.7812448516793
382 0.6637967106103398 0.6572244659508314 2019.0483759914223
383 0.6572244659508314 0.6507172930206251 1617.2279774500955
384 0.6507172930206251 0.6442745475451734 1276.416002774478
385 0.6442745475451734 0.6378955916288845 985.9887139786368
386 0.6378955916288845 0.6315797936919649 710.7088024206872
387 0.6315797936919649 0.625326528407886 489.0434254740954
388 0.625326528407886 0.6191351766414713 313.43548724833784
389 0.6191351766414713 0.6130051253875953 179.51287296560886
390 0.6130051253875953 0.6069357677104904 88.41835581507411
391 0.6069357677104904 0.6009265026836539 33.12166213924698
392 0.6009265026836539 0.5949767353303502 9.518131505453836
393 0.5949767353303502 0.5890858765647032 0.4386511713385274
394 0.5890858765647032 0.5832533431333695 0.22784908138704657
395 0.5832533431333695 0.5774785575577916 2.380870383394202
396 0.5774785575577916 0.5717609480770215 7.4195157087256485
397 0.5717609480770215 0.5660999485911103 15.319784755476542
398 0.5660999485911103 0.5604949986050597 22.647676844821557
399 0.5604949986050597 0.5549455431733264 32.52103699028359
400 0.5549455431733264 0.5494510328448777 41.82332537779307
401 0.5494510328448777 0.5440109236087899 51.78922016474042
402 0.5440109236087899 0.538624676840386 59.98570411869716
403 0.538624676840386 0.533291759247907 66.46125714135829
404 0.533291759247907 0.5280116428197099 70.74291953032902
405 0.5280116428197099 0.5227838047719899 70.78361365994265
406 0.5227838047719899 0.5176077274970198 69.14599477588627
407 0.5176077274970198 0.5124828985119008 70.6729184357602
408 0.5124828985119008 0.5074088104078225 87.5100962723137
409 0.5074088104078225 0.5023849607998243 123.69180233763664
410 0.5023849607998243 0.4974108522770538 161.30931994804732
411 0.4974108522770538 0.4924859923535185 154.94003003072504
412 0.4924859923535185 0.4876098934193253 140.95029467717222
413 0.4876098934193253 0.4827820726924013 125.85120306623702
414 0.4827820726924013 0.4780020521706943 113.06711599189826
415 0.4780020521706943 0.4732693585848458 101.10435047519135
416 0.4732693585848458 0.4685835233513326 90.42419899835211
417 0.4685835233513326 0.4639440825260718 79.51576950837033
418 0.4639440825260718 0.4593505767584869 71.6732428756626
419 0.4593505767584869 0.45480255124602664 63.486076469599574
420 0.45480255124602664 0.45029955568913527 55.91452792761123
421 0.45029955568913527 0.44584114424666854 48.33068313351993
422 0.44584114424666854 0.441426875491751 43.101954004784645
423 0.441426875491751 0.4370563123680703 37.06117208124896
424 0.4370563123680703 0.43272902214660425 32.52018084310079
425 0.43272902214660425 0.4284445763827765 27.61290436481605
426 0.4284445763827765 0.4242025508740362 23.24003629058405
427 0.4242025508740362 0.4200025256178575 18.888480075168058
428 0.4200025256178575 0.415844084770156 14.502789311784813
429 0.415844084770156 0.41172681660411475 9.952853856344875
430 0.41172681660411475 0.4076503134694206 5.213821088077699
431 0.4076503134694206 0.4036141717519016 1.0332120299483614
432 0.4036141717519016 0.3996179918335659 2.1628136270609413
433 0.3996179918335659 0.3956613780530356 3.9716321144343536
434 0.3956613780530356 0.3917439386663718 4.643902480110007
435 0.3917439386663718 0.387865285808289 4.671609220407497
436 0.387865285808289 0.38402503545375144 4.32791319267159
437 0.38402503545375144 0.3802228073799519 3.8003370429285193
438 0.3802228073799519 0.3764582251286653 3.207067834674092
439 0.3764582251286653 0.37273091596897556 2.6174603915308077
440 0.37273091596897556 0.3690405108603718 2.071144702555736
441 0.3690405108603718 0.36538664441620966 1.5898472798893994
442 0.36538664441620966 0.36176895486753435 1.1834962436386944
443 0.36176895486753435 0.3581870840272617 0.8534134831852325
444 0.3581870840272617 0.35464067725471454 0.5945246966298263
445 0.35464067725471454 0.3511293834205094 0.3968327177869796
446 0.3511293834205094 0.34765285487179154 0.24287804264262264
447 0.34765285487179154 0.34421074739781343 0.07581148358318865
448 0.34421074739781343 0.34080272019585484 0.07142187688230771
449 0.34080272019585484 0.33742843583748006 0.05374200837855247
450 0.33742843583748006 0.33408756023512876 0.022616019844445806
451 0.33408756023512876 0.3307797626090384 0.005851727688799435
452 0.3307797626090384 0.32750471545449344 0.002565559142706305
453 0.32750471545449344 0.32426209450939947 0.008399309225243326
454 0.32426209450939947 0.32105157872217766 0.009543427158806529
455 0.32105157872217766 0.3178728502199779 0.015480149181293994
456 0.3178728502199779 0.31472559427720587 0.017492220929380353
457 0.31472559427720587 0.31160949928436216 0.01566659610693281
458 0.31160949928436216 0.30852425671719025 0.006409361122021322
459 0.30852425671719025 0.305469561106129 0.01100652219068568
460 0.305469561106129 0.30244511000606833 0.004671296255571261
461 0.30244511000606833 0.29945060396640427 0.004637975482132017
462 0.29945060396640427 0.29648574650139037 0.0018794633366092312
463 0.29648574650139037 0.2935502440607825 0.0006454084970088128
464 0.2935502440607825 0.29064380600077483 0.00011811944896520769
465 0.29064380600077483 0.2877661445552226 0.00040584867536452027
466 0.2877661445552226 0.2849169748071511 0.00011152895214576056
467 0.2849169748071511 0.2820960146605456 0.00018377728464858285
468 0.2820960146605456 0.27930298481242144 0.0004719710103689916
469 0.27930298481242144 0.2765376087251697 41.99901228162203
470 0.2765376087251697 0.27379961259917796 191.56527181314854
471 0.27379961259917796 0.27108872534572076 98.87242784226181
472 0.27108872534572076 0.26840467856011957 35.26287431233327
473 0.26840467856011957 0.2657472064951679 54.309761186364064
474 0.2657472064951679 0.2631160460348197 22.289574505748934
475 0.2631160460348197 0.26051093666813835 19.67368367937237
476 0.26051093666813835 0.25793162046350326 203.79929494562808
477 0.25793162046350326 0.25537784204307257 201.98281176050233
478 0.25537784204307257 0.2528493485574976 58.685386735823464
479 0.2528493485574976 0.25034588966088867 77.629405703161
480 0.25034588966088867 0.24786721748602838 55.23074099409943
481 0.24786721748602838 0.24541308661983008 20.08148494559703
482 0.24541308661983008 0.24298325407903973 108.88054200974894
483 0.24298325407903973 0.24057747928617793 151.8593346375902
484 0.24057747928617793 0.2381955240457207 127.51366796620884
485 0.2381955240457207 0.23583715252051554 503.56698763483604
486 0.23583715252051554 0.23350213120843125 207.8014441911637
487 0.23350213120843125 0.23119022891923888 39.72259203122949
488 0.23119022891923888 0.22890121675172165 239.91166683453233
489 0.22890121675172165 0.22663486807101155 1662.0488290336916
490 0.22663486807101155 0.22439095848615 2236.8980044470245
491 0.22439095848615 0.22216926582787133 364.3810574279742
492 0.22216926582787133 0.21996957012660528 198.65712827239935
493 0.21996957012660528 0.2177916535906983 2714.190773972834
494 0.2177916535906983 0.21563530058484978 1765.1135362577475
495 0.21563530058484978 0.21350029760876219 1249.6678331109965
496 0.21350029760876219 0.21138643327600218 960.6057608734291
497 0.21138643327600218 0.20929349829307142 2042.2221775780606
498 0.20929349829307142 0.2072212854386846 1533.0562703719993
499 0.2072212854386846 0.20516958954325207 1532.0355235524835
500 0.20516958954325207 0.20313820746856645 1270.982617649387
501 0.20313820746856645 0.20112693808768956 1153.5056123514569
502 0.20112693808768956 0.19913558226503916 599.7048085523735
