503
0 29.702970297029708 29.40888148220763 6887.279957727745
1 29.40888148220763 29.11770443782934 7206.616323266473
2 29.11770443782934 28.829410334484493 7909.946873503214
3 28.829410334484493 28.54397062820247 7259.913335115382
4 28.54397062820247 28.261357057626206 7047.572980540295
5 28.261357057626206 27.98154164121406 7220.096653300702
6 27.98154164121406 27.704496674469365 8312.689990341094
7 27.704496674469365 27.430194727197396 9329.647145175737
8 27.430194727197396 27.158608640789495 9450.187336298552
9 27.158608640789495 26.889711525534153 9072.764998360099
10 26.889711525534153 26.623476757954606 8457.983681063839
11 26.623476757954606 26.35987797817288 9188.39096565417
12 26.35987797817288 26.098889087299877 10237.199970377356
13 26.098889087299877 25.840484244851364 9911.465974513801
14 25.840484244851364 25.58463786618947 10773.126153467882
15 25.58463786618947 25.331324619989573 10162.48205316881
16 25.331324619989573 25.080519425732252 10200.737874757513
17 25.080519425732252 24.83219745122005 10526.69640257206
18 24.83219745122005 24.58633411011886 11755.694496261847
19 24.58633411011886 24.34290505952362 11932.17435739696
20 24.34290505952362 24.10188619754814 13124.109380105361
21 24.10188619754814 23.863253660938756 12035.689289926235
22 23.863253660938756 23.626983822711637 11986.113805289036
23 23.626983822711637 23.3930532898135 12802.671131088984
24 23.3930532898135 23.161438900805447 14466.662930013958
25 23.161438900805447 22.93211772356975 14126.187786414268
26 22.93211772356975 22.705067053039354 14565.61222282071
27 22.705067053039354 22.480264408949857 14260.544249920476
28 22.480264408949857 22.25768753361372 14587.72623774875
29 22.25768753361372 22.037314389716556 15344.925677951722
30 22.037314389716556 21.819123158135202 15382.398751499479
31 21.819123158135202 21.603092235777428 15883.319230211158
32 21.603092235777428 21.389200233442995 17675.108439203737
33 21.389200233442995 21.177425973705937 16082.259693111131
34 21.177425973705937 20.96774848881776 16787.38443144015
35 20.96774848881776 20.760147018631447 18755.405550721694
36 20.760147018631447 20.554601008545987 19516.412701360056
37 20.554601008545987 20.351090107471272 19176.91894339785
38 20.351090107471272 20.149594165813145 18967.48012059045
39 20.149594165813145 19.95009323347836 21281.729906290893
40 19.95009323347836 19.752567557899365 20150.065663680285
41 19.752567557899365 19.55699758207858 21199.740960299147
42 19.55699758207858 19.363363942652057 21692.030346190553
43 19.363363942652057 19.171647467972335 21830.485560145735
44 19.171647467972335 18.981829176210233 24406.070307100937
45 18.981829176210233 18.79389027347548 26077.98204660663
46 18.79389027347548 18.607812151955923 24074.17100002003
47 18.607812151955923 18.42357638807517 24444.391484925232
48 18.42357638807517 18.241164740668488 27138.531382302255
49 18.241164740668488 18.06055914917672 27081.6142601687
50 18.06055914917672 17.88174173185814 28409.081245706275
51 17.88174173185814 17.704694784017956 29155.3728545658
52 17.704694784017956 17.529400776255404 29496.551776693213
53 17.529400776255404 17.355842352728125 29335.541992505274
54 17.355842352728125 17.18400232943379 29901.698029271065
55 17.18400232943379 17.0138636925087 33004.4967432176
56 17.0138636925087 16.84540959654327 32719.140004328023
57 16.84540959654327 16.678623362914127 33958.75021856962
58 16.678623362914127 16.5134884781328 33302.359746503316
59 16.5134884781328 16.349988592210693 34379.501072813546
60 16.349988592210693 16.18810751704029 34503.64382392195
61 16.18810751704029 16.027829224792367 36661.00804879846
62 16.027829224792367 15.869137846329076 37716.65090747126
63 15.869137846329076 15.712017669632747 36420.65826877113
64 15.712017669632747 15.556453138250246 38569.75236397968
65 15.556453138250246 15.402428849752717 38908.60065622259
66 15.402428849752717 15.24992955421061 40322.8095266788
67 15.24992955421061 15.098940152683772 40473.10143244942
68 15.098940152683772 14.949445695726508 41961.532913116906
69 14.949445695726508 14.801431381907433 39242.37499745983
70 14.801431381907433 14.654882556343996 44305.06112870618
71 14.654882556343996 14.509784709251477 44866.45138920725
72 14.509784709251477 14.366123474506413 45979.46359923579
73 14.366123474506413 14.223884628224173 49548.4294966593
74 14.223884628224173 14.083054087350666 49625.381353559176
75 14.083054087350666 13.943617908267983 51932.195388376866
76 13.943617908267983 13.805562285413846 52414.71967103315
77 13.805562285413846 13.668873549914698 56660.63733366373
78 13.668873549914698 13.533538168232376 58588.97326773178
79 13.533538168232376 13.399542740824135 58778.86513406756
80 13.399542740824135 13.266874000815976 62539.49575171617
81 13.266874000815976 13.135518812689085 65393.575184660695
82 13.135518812689085 13.005464170979291 68457.8172461038
83 13.005464170979291 12.8766971989894 72275.55318658885
84 12.8766971989894 12.749205147514257 72771.96872419867
85 12.749205147514257 12.622975393578471 76024.61767372547
86 12.622975393578471 12.497995439186605 76539.61786161756
87 12.497995439186605 12.374252910085747 79054.06996256142
88 12.374252910085747 12.251735554540343 86001.75016059267
89 12.251735554540343 12.130431242119151 91627.56191123297
90 12.130431242119151 12.010327962494209 91361.29425280931
91 12.010327962494209 11.891413824251691 95117.67227954685
92 11.891413824251691 11.773677053714547 98336.40372888168
93 11.773677053714547 11.657105993776778 95409.95533689804
94 11.657105993776778 11.541689102749285 100680.36963143617
95 11.541689102749285 11.427414953217115 109201.84446217248
96 11.427414953217115 11.314272230908033 112573.02763201056
97 11.314272230908033 11.202249733572312 111549.83073950629
98 11.202249733572312 11.091336369873574 114830.11562559697
99 11.091336369873574 10.981521158290668 107949.95678191488
100 10.981521158290668 10.872793226030364 111938.54369787328
101 10.872793226030364 10.765141807950855 121913.66820558024
102 10.765141807950855 10.658556245495896 117395.08723580615
103 10.658556245495896 10.5530259856395 117821.83361680346
104 10.5530259856395 10.44854057984109 118967.40231163164
105 10.44854057984109 10.34508968301098 119876.66432961902
106 10.34508968301098 10.24266305248612 138223.07309010884
107 10.24266305248612 10.141250547015959 154158.02622180624
108 10.141250547015959 10.040842125758378 154401.0403166879
109 10.040842125758378 9.94142784728552 161195.67047532956
110 9.94142784728552 9.842997868599525 156820.24554646085
111 9.842997868599525 9.745542444157948 166476.28075412533
112 9.745542444157948 9.649051924908859 168751.3855233538
113 9.649051924908859 9.553516757335505 167838.33360367062
114 9.553516757335505 9.4589274825104 174754.23867770022
115 9.4589274825104 9.365274735158813 168197.64124721944
116 9.365274735158813 9.272549242731497 176231.5711535219
117 9.272549242731497 9.180741824486631 177929.83928215137
118 9.180741824486631 9.089843390580823 176901.1519498902
119 9.089843390580823 8.99984494116913 182138.32261593489
120 8.99984494116913 8.91073756551399 177063.3910124664
121 8.91073756551399 8.82251244110296 188518.1382367768
122 8.82251244110296 8.735160832775207 179549.85304355194
123 8.735160832775207 8.648674091856641 184493.8402092134
124 8.648674091856641 8.563043655303604 188038.46287265266
125 8.563043655303604 8.478261044855055 178148.46401644798
126 8.478261044855055 8.394317866193123 193246.41511742666
127 8.394317866193123 8.311205808112003 174899.93938222653
128 8.311205808112003 8.228916641695053 187946.6498497629
129 8.228916641695053 8.147442219500052 180202.17756472013
130 8.147442219500052 8.066774474752528 188508.5950719464
131 8.066774474752528 7.986905420547056 188818.52395352494
132 7.986905420547056 7.907827149056491 186974.5894756024
133 7.907827149056491 7.8295318307490005 178292.5797876125
134 7.8295318307490005 7.752011713612872 185198.99351464908
135 7.752011713612872 7.675259122388984 180771.08793648827
136 7.675259122388984 7.599266457810875 193146.57103369292
137 7.599266457810875 7.52402619585235 187917.88547254243
138 7.52402619585235 7.449530886982525 197696.9018028509
139 7.449530886982525 7.375773155428244 202089.00112421543
140 7.375773155428244 7.302745698443805 201317.94321240814
141 7.302745698443805 7.230441285587926 198705.48405469517
142 7.230441285587926 7.158852758007847 211123.5257859947
143 7.158852758007847 7.087973027730542 203166.22612177822
144 7.087973027730542 7.017795076960932 201575.4901763244
145 7.017795076960932 6.9483119573870615 216171.418497731
146 6.9483119573870615 6.879516789492142 227339.753677878
147 6.879516789492142 6.811402761873407 194366.5352679436
148 6.811402761873407 6.743963130567731 213950.36124062596
149 6.743963130567731 6.677191218383892 215567.81857602182
150 6.677191218383892 6.611080414241477 198828.48364671788
151 6.611080414241477 6.545624172516314 208493.62195014438
152 6.545624172516314 6.480816012392389 226174.5146080536
153 6.480816012392389 6.416649517220188 256720.5566132178
154 6.416649517220188 6.353118333881374 298601.69609077723
155 6.353118333881374 6.290216172159776 325635.4956208065
156 6.290216172159776 6.227936804118591 314376.741257348
157 6.227936804118591 6.166274063483753 302462.10688114096
158 6.166274063483753 6.1052218450334195 304949.8689642405
159 6.1052218450334195 6.0447741039934835 303430.2298134922
160 6.0447741039934835 5.984924855439092 316292.15847048385
161 5.984924855439092 5.925668173702072 294561.02987353026
162 5.925668173702072 5.86699819178423 283927.60811974015
163 5.86699819178423 5.808909100776465 292182.29213442287
164 5.808909100776465 5.751395149283629 305937.8246040339
165 5.751395149283629 5.694450642855078 301185.2984911734
166 5.694450642855078 5.638069943420869 303813.0748402708
167 5.638069943420869 5.5822474687335335 335365.58590119565
168 5.5822474687335335 5.526977691815381 317388.7766964618
169 5.526977691815381 5.472255140411267 346136.0970159896
170 5.472255140411267 5.4180743964468 339492.8322243046
171 5.4180743964468 5.36443009549188 354971.2430502498
172 5.36443009549188 5.311316926229584 395646.7588218406
173 5.311316926229584 5.258729629930281 396444.96933142265
174 5.258729629930281 5.206662999930972 404418.41255686875
175 5.206662999930972 5.155111881119774 398054.5286598354
176 5.155111881119774 5.104071169425519 380310.89533110696
177 5.104071169425519 5.053535811312395 408871.90154348203
178 5.053535811312395 5.003500803279599 374644.39055850956
179 5.003500803279599 4.95396119136594 352343.8722011809
180 4.95396119136594 4.904912070659346 327510.1848903804
181 4.904912070659346 4.856348584811234 325232.3868826874
182 4.856348584811234 4.808265925555677 306394.95974902785
183 4.808265925555677 4.760659332233344 293483.7911701776
184 4.760659332233344 4.713524091320142 315904.2978144698
185 4.713524091320142 4.666855535960537 349454.9309964876
186 4.666855535960537 4.620649045505483 334703.7143509153
187 4.620649045505483 4.5749000450549335 299132.4394308641
188 4.5749000450549335 4.5296040050048845 274919.48047732393
189 4.5296040050048845 4.484756440598896 269980.21256799315
190 4.484756440598896 4.440352911484055 262887.894832502
191 4.440352911484055 4.396389021271342 256872.99960306977
192 4.396389021271342 4.352860417100338 265590.7225585128
193 4.352860417100338 4.309762789208256 256532.8106311641
194 4.309762789208256 4.267091870503223 278147.72547612805
195 4.267091870503223 4.224843436141805 331112.1272589972
196 4.224843436141805 4.183013303110699 484530.1793570219
197 4.183013303110699 4.141597329812574 814979.5430342915
198 4.141597329812574 4.100591415656013 908622.8514444944
199 4.100591415656013 4.059991500649518 963861.8963737113
200 4.059991500649518 4.019793564999523 1024843.0060937252
201 4.019793564999523 3.979993628712399 1066259.3660339422
202 3.979993628712399 3.940587751200395 1093051.7759162944
203 3.940587751200395 3.9015720308914803 1119144.092875061
204 3.9015720308914803 3.8629426048430493 1111615.124474779
205 3.8629426048430493 3.824695648359455 1114138.0759231816
206 3.824695648359455 3.7868273746133223 1107773.7644982624
207 3.7868273746133223 3.7493340342706154 1099986.4357434271
208 3.7493340342706154 3.712211915119422 1081427.101721884
209 3.712211915119422 3.6754573417023977 1053296.4011717942
210 3.6754573417023977 3.639066674952869 1021374.5892229563
211 3.639066674952869 3.603036311834524 976627.9765972112
212 3.603036311834524 3.5673626849846767 910437.5703519965
213 3.5673626849846767 3.5320422623610663 867308.846184647
214 3.5320422623610663 3.497071546892145 815559.8093875388
215 3.497071546892145 3.4624470761308364 777224.1301466791
216 3.4624470761308364 3.4281654219117192 765775.2548951079
217 3.4281654219117192 3.3942231900116036 746518.3064155245
218 3.3942231900116036 3.3606170198134686 732427.5252602198
219 3.3606170198134686 3.327343583973732 496959.5962968634
220 3.327343583973732 3.294399588092804 640094.3852274334
221 3.294399588092804 3.2617817703889145 767379.4089399952
222 3.2617817703889145 3.229486901375163 691441.4025534971
223 3.229486901375163 3.197511783539765 610073.8472893963
224 3.197511783539765 3.1658532510294703 594686.3733570991
225 3.1658532510294703 3.1345081693361094 607156.8674916537
226 3.1345081693361094 3.1034734349862467 617482.1773662282
227 3.1034734349862467 3.0727459752339077 613999.4328191238
228 3.0727459752339077 3.042322747756344 558867.3625603488
229 3.042322747756344 3.0122007403528164 540979.5248465976
230 3.0122007403528164 2.9823769706463525 466728.4715940648
231 2.9823769706463525 2.9528484857884685 463362.42203585134
232 2.9528484857884685 2.9236123621668004 445315.590989076
233 2.9236123621668004 2.8946657051156435 409837.23873587314
234 2.8946657051156435 2.8660056486293506 399713.7889826364
235 2.8660056486293506 2.8376293550785654 374289.8478473613
236 2.8376293550785654 2.809534014929272 360827.1358389329
237 2.809534014929272 2.781716846464626 352929.57738565875
238 2.781716846464626 2.7541750955095305 350279.04144786164
239 2.7541750955095305 2.7269060351579513 369347.530093821
240 2.7269060351579513 2.6999069655029224 296556.04736079084
241 2.6999069655029224 2.67317521336923 289081.96311809594
242 2.67317521336923 2.6467081320487424 419738.1251928367
243 2.6467081320487424 2.620503101038359 474485.93036119826
244 2.620503101038359 2.5945575257805533 432048.9700504284
245 2.5945575257805533 2.5688688374064887 405367.0084959411
246 2.5688688374064887 2.543434492481672 371830.4985915268
247 2.543434492481672 2.5182519727541304 414439.8922837547
248 2.5182519727541304 2.493318784905079 500958.8979999526
249 2.493318784905079 2.4686324603020586 583456.3898710228
250 2.4686324603020586 2.4441905547545137 701874.1866039744
251 2.4441905547545137 2.4199906482717957 793503.376854711
252 2.4199906482717957 2.39603034482356 790482.5868642075
253 2.39603034482356 2.372307272102535 839428.6951982317
254 2.372307272102535 2.3488190812896383 842819.8102822704
255 2.3488190812896383 2.325563446821424 837825.9282000579
256 2.325563446821424 2.302538066159826 815673.2533487715
257 2.302538066159826 2.279740659564184 978396.7710562235
258 2.279740659564184 2.257168969865529 1098057.6542545843
259 2.257168969865529 2.234820762243098 1136741.391697297
260 2.234820762243098 2.212693824003067 1153446.510878263
261 2.212693824003067 2.1907859643594723 1157134.7070650486
262 2.1907859643594723 2.1690950142172993 1192451.6152286315
263 2.1690950142172993 2.1476188259577222 1221182.6498274745
264 2.1476188259577222 2.126355273225467 1208490.9932384554
265 2.126355273225467 2.1053022507182844 1132044.5226262894
266 2.1053022507182844 2.0844576739784992 1027410.5386315978
267 2.0844576739784992 2.063819479186633 913925.1785421958
268 2.063819479186633 2.043385622957062 798327.4230595708
269 2.043385622957062 2.0231540821357052 692869.1438590761
270 2.0231540821357052 2.0031228535997085 605970.0775614035
271 2.0031228535997085 1.9832899540591173 550395.0079291295
272 1.9832899540591173 1.963653419860512 518282.0792396763
273 1.963653419860512 1.9442113067925864 493388.33642753545
274 1.9442113067925864 1.92496168989365 507374.2441418528
275 1.92496168989365 1.9059026632610394 544729.419941253
276 1.9059026632610394 1.8870323398624154 519534.8007273538
277 1.8870323398624154 1.8683488513489264 455818.42542029306
278 1.8683488513489264 1.8498503478702242 381445.79032361234
279 1.8498503478702242 1.831534997891311 447496.41288903943
280 1.831534997891311 1.813400988011199 490021.4031224547
281 1.813400988011199 1.7954465227833656 489230.1692768432
282 1.7954465227833656 1.7776698245379856 552858.8746851987
283 1.7776698245379856 1.7600691332059264 638051.661317217
284 1.7600691332059264 1.7426427061444816 728016.0657744702
285 1.7426427061444816 1.7253888179648336 787284.1724520341
286 1.7253888179648336 1.708305760361221 876039.0293719879
287 1.708305760361221 1.6913918419418033 1000280.9945373895
288 1.6913918419418033 1.6746453880611911 1038408.327819766
289 1.6746453880611911 1.6580647406546447 985971.2179046582
290 1.6580647406546447 1.6416482580739058 962256.1769742512
291 1.6416482580739058 1.625394314924659 919783.1929231163
292 1.625394314924659 1.609301301905603 861124.3020599633
293 1.609301301905603 1.5933676256491118 797105.915974735
294 1.5933676256491118 1.577591708563477 705616.5426086525
295 1.577591708563477 1.56197198867671 642061.5921105687
296 1.56197198867671 1.5465069194818912 556627.7369724048
297 1.5465069194818912 1.5311949697840506 473787.9380809179
298 1.5311949697840506 1.516034623548565 405586.19188411196
299 1.516034623548565 1.5010243797510545 354765.6589921681
300 1.5010243797510545 1.4861627522287668 306138.88401075656
301 1.4861627522287668 1.4714482695334326 267962.921942682
302 1.4714482695334326 1.4568794747855767 243968.87734014422
303 1.4568794747855767 1.442454925530274 212389.21730959913
304 1.442454925530274 1.4281731935943307 170365.42483332497
305 1.4281731935943307 1.4140328649448817 158965.11711743617
306 1.4140328649448817 1.400032539549388 180093.87887217148
307 1.400032539549388 1.3861708312370178 190502.618165871
308 1.3861708312370178 1.3724463675614038 176505.17024398907
309 1.3724463675614038 1.358857789664756 167498.5253535069
310 1.358857789664756 1.345403752143323 176330.3638061903
311 1.345403752143323 1.3320829229141813 224239.59420084412
312 1.3320829229141813 1.3188939830833477 417465.19435228436
313 1.3188939830833477 1.3058356268151958 479434.94588442676
314 1.3058356268151958 1.2929065612031638 511838.90580416535
315 1.2929065612031638 1.2801055061417466 509910.60562446155
316 1.2801055061417466 1.267431194199749 521771.3790546978
317 1.267431194199749 1.2548823704948011 515615.1444974959
318 1.2548823704948011 1.2424577925691098 474158.4518906404
319 1.2424577925691098 1.2301562302664457 427958.500519314
320 1.2301562302664457 1.2179764656103422 378698.63966171985
321 1.2179764656103422 1.2059172926835073 334352.42817453126
322 1.2059172926835073 1.1939775175084228 295277.84815000184
323 1.1939775175084228 1.1821559579291314 250917.77372060917
324 1.1821559579291314 1.1704514434941897 219946.05557559905
325 1.1704514434941897 1.1588628153407816 201101.37749834222
326 1.1588628153407816 1.1473889260799819 195205.75346091052
327 1.1473889260799819 1.1360286396831505 180757.23848481337
328 1.1360286396831505 1.124780831369456 172389.60234046148
329 1.124780831369456 1.113644387494511 170635.76146421407
330 1.113644387494511 1.1026182054401097 181955.9498503084
331 1.1026182054401097 1.0917011935050591 196331.4550121135
332 1.0917011935050591 1.0808922707970885 285838.29368432343
333 1.0808922707970885 1.0701903671258302 302456.0492990894
334 1.0701903671258302 1.0595944228968615 284373.8729069975
335 1.0595944228968615 1.0491033890067936 262860.801044851
336 1.0491033890067936 1.0387162267393995 239272.45950749292
337 1.0387162267393995 1.028431907662772 215120.34504141897
338 1.028431907662772 1.0182494135274969 186641.33329432685
339 1.0182494135274969 1.0081677361658383 162359.24584966706
340 1.0081677361658383 0.9981858773919191 138422.8649789142
341 0.9981858773919191 0.9883028489028902 118897.4736992436
342 0.9883028489028902 0.9785176721810795 100295.16006352282
343 0.9785176721810795 0.9688293783971084 88690.92861807419
344 0.9688293783971084 0.9592370083139687 80729.29532082363
345 0.9592370083139687 0.9497396121920483 74280.00860040564
346 0.9497396121920483 0.9403362496950972 68588.26718436796
347 0.9403362496950972 0.9310259897971259 57499.51272826988
348 0.9310259897971259 0.9218079106902237 63378.839220814705
349 0.9218079106902237 0.9126810996932909 68699.07293794061
350 0.9126810996932909 0.9036446531616741 67005.93731578896
351 0.9036446531616741 0.894697676397697 58485.85998602135
352 0.894697676397697 0.8858392835620764 54376.63490678682
353 0.8858392835620764 0.8770685975862142 51716.493197942924
354 0.8770685975862142 0.8683847500853606 46123.216066405876
355 0.8683847500853606 0.8597868812726344 40936.541053043045
356 0.8597868812726344 0.8512741398738952 36062.65718688398
357 0.8512741398738952 0.8428456830434606 31382.99304323865
358 0.8428456830434606 0.834500676280654 27207.129110233986
359 0.834500676280654 0.8262382933471824 23834.46082500251
360 0.8262382933471824 0.8180577161853291 20482.702434303035
361 0.8180577161853291 0.8099581348369594 16999.974896418862
362 0.8099581348369594 0.8019387473633263 14734.87953002045
363 0.8019387473633263 0.7939987597656695 11749.469647075659
364 0.7939987597656695 0.7861373859066034 8412.694071716876
365 0.7861373859066034 0.7783538474322808 5173.8468984811625
366 0.7783538474322808 0.7706473736953273 1557.161703398093
367 0.7706473736953273 0.763017201678542 52.08137767883678
368 0.763017201678542 0.7554625759193484 1378.752128429596
369 0.7554625759193484 0.7479827484349985 2581.639342296819
370 0.7479827484349985 0.7405769786485132 3669.8445046960305
371 0.7405769786485132 0.7332445333153597 4279.280828546449
372 0.7332445333153597 0.7259846864508511 4515.012404469129
373 0.7259846864508511 0.7187967192582685 4567.903710265565
374 0.7187967192582685 0.7116799200576917 4411.826413662921
375 0.7116799200576917 0.7046335842155362 4237.306096475524
376 0.7046335842155362 0.6976570140747883 3827.4811221186224
377 0.6976570140747883 0.6907495188859292 3487.150918559881
378 0.6907495188859292 0.6839104147385437 3524.1836645355424
379 0.6839104147385437 0.6771390244936076 3335.25304724248
380 0.6771390244936076 0.6704346777164433 2919.196448762653
381 0.6704346777164433 0.6637967106103398 2451.218499431693
382 0.6637967106103398 0.6572244659508314 2022.396791231199
383 0.6572244659508314 0.6507172930206251 1620.0699990285163
384 0.6507172930206251 0.6442745475451734 1279.1276976186641
385 0.6442745475451734 0.6378955916288845 987.0238445243068
386 0.6378955916288845 0.6315797936919649 711.1531491512712
387 0.6315797936919649 0.625326528407886 489.35670222334306
388 0.625326528407886 0.6191351766414713 313.54310836319354
389 0.6191351766414713 0.6130051253875953 179.59616553162053
390 0.6130051253875953 0.6069357677104904 88.53357447073074
391 0.6069357677104904 0.6009265026836539 33.19257591408409
392 0.6009265026836539 0.5949767353303502 9.56175460238559
393 0.5949767353303502 0.5890858765647032 0.44052986319913107
394 0.5890858765647032 0.5832533431333695 0.22804976168680732
395 0.5832533431333695 0.5774785575577916 2.383116173234328
396 0.5774785575577916 0.5717609480770215 7.42629626166778
397 0.5717609480770215 0.5660999485911103 15.335618490614072
398 0.5660999485911103 0.5604949986050597 22.65075419266607
399 0.5604949986050597 0.5549455431733264 32.530177962202
400 0.5549455431733264 0.5494510328448777 41.847477554990675
401 0.5494510328448777 0.5440109236087899 51.80751450216934
402 0.5440109236087899 0.538624676840386 60.01368049258762
403 0.538624676840386 0.533291759247907 66.50026585567566
404 0.533291759247907 0.5280116428197099 70.76135769806446
405 0.5280116428197099 0.5227838047719899 70.787501645686
406 0.5227838047719899 0.5176077274970198 69.1629830716
407 0.5176077274970198 0.5124828985119008 70.70670607110729
408 0.5124828985119008 0.5074088104078225 87.68341103067728
409 0.5074088104078225 0.5023849607998243 123.71666287963431
410 0.5023849607998243 0.4974108522770538 160.9346694910565
411 0.4974108522770538 0.4924859923535185 155.1103430451553
412 0.4924859923535185 0.4876098934193253 140.9410526270249
413 0.4876098934193253 0.4827820726924013 125.94936376790167
414 0.4827820726924013 0.4780020521706943 113.11250013841149
415 0.4780020521706943 0.4732693585848458 101.16916203271994
416 0.4732693585848458 0.4685835233513326 90.52275017411515
417 0.4685835233513326 0.4639440825260718 79.61179186884624
418 0.4639440825260718 0.4593505767584869 71.73434311701969
419 0.4593505767584869 0.45480255124602664 63.57395557788951
420 0.45480255124602664 0.45029955568913527 56.03640356642267
421 0.45029955568913527 0.44584114424666854 48.45611881016203
422 0.44584114424666854 0.441426875491751 43.27218930913333
423 0.441426875491751 0.4370563123680703 37.208635832367186
424 0.4370563123680703 0.43272902214660425 32.66415656559835
425 0.43272902214660425 0.4284445763827765 27.735512949005933
426 0.4284445763827765 0.4242025508740362 23.3533975901849
427 0.4242025508740362 0.4200025256178575 18.970074476307605
428 0.4200025256178575 0.415844084770156 14.531173048153741
429 0.415844084770156 0.41172681660411475 9.96901421584229
430 0.41172681660411475 0.4076503134694206 5.216863511320245
431 0.4076503134694206 0.4036141717519016 1.0339798578328416
432 0.4036141717519016 0.3996179918335659 2.1641252685859653
433 0.3996179918335659 0.3956613780530356 3.9747582356736926
434 0.3956613780530356 0.3917439386663718 4.656176806140182
435 0.3917439386663718 0.387865285808289 4.698201364185328
436 0.387865285808289 0.38402503545375144 4.364514163409001
437 0.38402503545375144 0.3802228073799519 3.843431951109195
438 0.3802228073799519 0.3764582251286653 3.2447853558359245
439 0.3764582251286653 0.37273091596897556 2.647208020461516
440 0.37273091596897556 0.3690405108603718 2.0926029148947447
441 0.3690405108603718 0.36538664441620966 1.6030931764381218
442 0.36538664441620966 0.36176895486753435 1.190553634884568
443 0.36176895486753435 0.3581870840272617 0.8571904185515657
444 0.3581870840272617 0.35464067725471454 0.5965657867353786
445 0.35464067725471454 0.3511293834205094 0.3974050183935116
446 0.3511293834205094 0.34765285487179154 0.24323472598776688
447 0.34765285487179154 0.34421074739781343 0.07628285882955495
448 0.34421074739781343 0.34080272019585484 0.07173133104561405
449 0.34080272019585484 0.33742843583748006 0.053949270919980356
450 0.33742843583748006 0.33408756023512876 0.022629397970182243
451 0.33408756023512876 0.3307797626090384 0.0058532629107876065
452 0.3307797626090384 0.32750471545449344 0.0025664929690347588
453 0.32750471545449344 0.32426209450939947 0.008411701014805187
454 0.32426209450939947 0.32105157872217766 0.009608832279961805
455 0.32105157872217766 0.3178728502199779 0.015508479665763492
456 0.3178728502199779 0.31472559427720587 0.0175714561516519
457 0.31472559427720587 0.31160949928436216 0.01577774962524076
458 0.31160949928436216 0.30852425671719025 0.006615910156191222
459 0.30852425671719025 0.305469561106129 0.011030474069133607
460 0.305469561106129 0.30244511000606833 0.004702033133138728
461 0.30244511000606833 0.29945060396640427 0.004639336208613176
462 0.29945060396640427 0.29648574650139037 0.0018844790979460685
463 0.29648574650139037 0.2935502440607825 0.000648625912980224
464 0.2935502440607825 0.29064380600077483 0.00011862262413865404
465 0.29064380600077483 0.2877661445552226 0.00040911745224650833
466 0.2877661445552226 0.2849169748071511 0.00011253532985408891
467 0.2849169748071511 0.2820960146605456 0.00018630817514908143
468 0.2820960146605456 0.27930298481242144 0.0004776425034861778
469 0.27930298481242144 0.2765376087251697 52.96883432825064
470 0.2765376087251697 0.27379961259917796 193.81949743047247
471 0.27379961259917796 0.27108872534572076 99.03080379370525
472 0.27108872534572076 0.26840467856011957 35.23980849829969
473 0.26840467856011957 0.2657472064951679 53.96624875443006
474 0.2657472064951679 0.2631160460348197 22.057414121613284
475 0.2631160460348197 0.26051093666813835 20.110576647570163
476 0.26051093666813835 0.25793162046350326 204.74190956256365
477 0.25793162046350326 0.25537784204307257 200.59422603836742
478 0.25537784204307257 0.2528493485574976 58.749796629156336
479 0.2528493485574976 0.25034588966088867 78.26938320769509
480 0.25034588966088867 0.24786721748602838 56.10820535732652
481 0.24786721748602838 0.24541308661983008 19.598226063185077
482 0.24541308661983008 0.24298325407903973 105.13082623530765
483 0.24298325407903973 0.24057747928617793 152.96743581758798
484 0.24057747928617793 0.2381955240457207 127.64623907612645
485 0.2381955240457207 0.23583715252051554 508.4751208368588
486 0.23583715252051554 0.23350213120843125 211.6563211036425
487 0.23350213120843125 0.23119022891923888 40.15631112730971
488 0.23119022891923888 0.22890121675172165 240.00818364375237
489 0.22890121675172165 0.22663486807101155 1672.060445536841
490 0.22663486807101155 0.22439095848615 2201.3753692307246
491 0.22439095848615 0.22216926582787133 369.3484173239356
492 0.22216926582787133 0.21996957012660528 186.8812469673552
493 0.21996957012660528 0.2177916535906983 2712.822761693087
494 0.2177916535906983 0.21563530058484978 1758.6392256099523
495 0.21563530058484978 0.21350029760876219 1245.5546663050957
496 0.21350029760876219 0.21138643327600218 962.1228807381327
497 0.21138643327600218 0.20929349829307142 2053.9654586813076
498 0.20929349829307142 0.2072212854386846 1520.3313272215003
499 0.2072212854386846 0.20516958954325207 1529.6736729305821
500 0.20516958954325207 0.20313820746856645 1270.7957615410244
501 0.20313820746856645 0.20112693808768956 1155.0364745829386
502 0.20112693808768956 0.19913558226503916 595.8336025890143
