503
0 29.702970297029708 29.40888148220763 6872.137767272589
1 29.40888148220763 29.11770443782934 7125.69731553811
2 29.11770443782934 28.829410334484493 7865.5656988223855
3 28.829410334484493 28.54397062820247 7250.049502995846
4 28.54397062820247 28.261357057626206 7040.283708019473
5 28.261357057626206 27.98154164121406 7223.019472278098
6 27.98154164121406 27.704496674469365 8193.2315032854
7 27.704496674469365 27.430194727197396 9272.642204899905
8 27.430194727197396 27.158608640789495 9351.341742014589
9 27.158608640789495 26.889711525534153 9021.957032201017
10 26.889711525534153 26.623476757954606 8428.024803158962
11 26.623476757954606 26.35987797817288 9136.646081913465
12 26.35987797817288 26.098889087299877 10149.85781381507
13 26.098889087299877 25.840484244851364 9853.747178678199
14 25.840484244851364 25.58463786618947 10671.954327253032
15 25.58463786618947 25.331324619989573 10132.869838109125
16 25.331324619989573 25.080519425732252 10168.044464744864
17 25.080519425732252 24.83219745122005 10499.718380941746
18 24.83219745122005 24.58633411011886 11684.99015681212
19 24.58633411011886 24.34290505952362 11813.556549047424
20 24.34290505952362 24.10188619754814 12997.21056223132
21 24.10188619754814 23.863253660938756 11976.08449981774
22 23.863253660938756 23.626983822711637 11963.381284197203
23 23.626983822711637 23.3930532898135 12710.421486039671
24 23.3930532898135 23.161438900805447 14310.093198876311
25 23.161438900805447 22.93211772356975 14016.099854447295
26 22.93211772356975 22.705067053039354 14396.338681245717
27 22.705067053039354 22.480264408949857 14178.78851336181
28 22.480264408949857 22.25768753361372 14543.058193514646
29 22.25768753361372 22.037314389716556 15274.015918074849
30 22.037314389716556 21.819123158135202 15316.146798870044
31 21.819123158135202 21.603092235777428 15836.476174019503
32 21.603092235777428 21.389200233442995 17484.955704893524
33 21.389200233442995 21.177425973705937 16046.451491298782
34 21.177425973705937 20.96774848881776 16719.99338697551
35 20.96774848881776 20.760147018631447 18574.581644905054
36 20.760147018631447 20.554601008545987 19342.391513911036
37 20.554601008545987 20.351090107471272 19062.350414657198
38 20.351090107471272 20.149594165813145 18730.360756104383
39 20.149594165813145 19.95009323347836 21305.91020505637
40 19.95009323347836 19.752567557899365 19855.755119363752
41 19.752567557899365 19.55699758207858 21006.626524002426
42 19.55699758207858 19.363363942652057 21549.709533796173
43 19.363363942652057 19.171647467972335 21678.317185782686
44 19.171647467972335 18.981829176210233 24214.043895005045
45 18.981829176210233 18.79389027347548 25819.088382617192
46 18.79389027347548 18.607812151955923 23925.744143229593
47 18.607812151955923 18.42357638807517 24354.48271287508
48 18.42357638807517 18.241164740668488 26745.635500492943
49 18.241164740668488 18.06055914917672 26791.31749570345
50 18.06055914917672 17.88174173185814 28028.13788324787
51 17.88174173185814 17.704694784017956 28800.27553616128
52 17.704694784017956 17.529400776255404 29012.039545169828
53 17.529400776255404 17.355842352728125 28978.60701248765
54 17.355842352728125 17.18400232943379 29531.031840386688
55 17.18400232943379 17.0138636925087 32494.051927870827
56 17.0138636925087 16.84540959654327 32238.375350230806
57 16.84540959654327 16.678623362914127 33454.50810516918
58 16.678623362914127 16.5134884781328 32554.135790543452
59 16.5134884781328 16.349988592210693 33902.195357564735
60 16.349988592210693 16.18810751704029 33943.16190594211
61 16.18810751704029 16.027829224792367 36151.90257495465
62 16.027829224792367 15.869137846329076 37013.652161960716
63 15.869137846329076 15.712017669632747 35807.17053571321
64 15.712017669632747 15.556453138250246 37967.78229378609
65 15.556453138250246 15.402428849752717 38257.52054095058
66 15.402428849752717 15.24992955421061 39789.984933190724
67 15.24992955421061 15.098940152683772 39989.59551421643
68 15.098940152683772 14.949445695726508 41293.41218248654
69 14.949445695726508 14.801431381907433 39058.80623027043
70 14.801431381907433 14.654882556343996 43613.78782184128
71 14.654882556343996 14.509784709251477 44309.78320156425
72 14.509784709251477 14.366123474506413 45187.07595661018
73 14.366123474506413 14.223884628224173 48489.55144893973
74 14.223884628224173 14.083054087350666 48489.28529705254
75 14.083054087350666 13.943617908267983 50274.958865666355
76 13.943617908267983 13.805562285413846 50759.04545182452
77 13.805562285413846 13.668873549914698 55707.773828039244
78 13.668873549914698 13.533538168232376 57982.44416384768
79 13.533538168232376 13.399542740824135 57576.158795582705
80 13.399542740824135 13.266874000815976 62378.63146019269
81 13.266874000815976 13.135518812689085 64411.53408486064
82 13.135518812689085 13.005464170979291 67795.2699448872
83 13.005464170979291 12.8766971989894 72051.11958550148
84 12.8766971989894 12.749205147514257 72334.87743590238
85 12.749205147514257 12.622975393578471 75939.86678360084
86 12.622975393578471 12.497995439186605 75827.77292968585
87 12.497995439186605 12.374252910085747 78307.44815787948
88 12.374252910085747 12.251735554540343 85555.48536656942
89 12.251735554540343 12.130431242119151 91046.6587298788
90 12.130431242119151 12.010327962494209 91035.51319627512
91 12.010327962494209 11.891413824251691 94799.5753236491
92 11.891413824251691 11.773677053714547 98005.21842878245
93 11.773677053714547 11.657105993776778 94725.84353642109
94 11.657105993776778 11.541689102749285 99804.47197932747
95 11.541689102749285 11.427414953217115 108886.9984931697
96 11.427414953217115 11.314272230908033 112259.03087974087
97 11.314272230908033 11.202249733572312 111146.7694596606
98 11.202249733572312 11.091336369873574 114308.64520871904
99 11.091336369873574 10.981521158290668 107733.04632441369
100 10.981521158290668 10.872793226030364 111290.07197891058
101 10.872793226030364 10.765141807950855 121441.55784337278
102 10.765141807950855 10.658556245495896 116989.42433696888
103 10.658556245495896 10.5530259856395 117425.49235538534
104 10.5530259856395 10.44854057984109 118193.58847268636
105 10.44854057984109 10.34508968301098 119457.8446467562
106 10.34508968301098 10.24266305248612 137748.20276551796
107 10.24266305248612 10.141250547015959 153284.1379253758
108 10.141250547015959 10.040842125758378 153404.7807715719
109 10.040842125758378 9.94142784728552 159817.18127434715
110 9.94142784728552 9.842997868599525 154693.73809994687
111 9.842997868599525 9.745542444157948 164699.38890484837
112 9.745542444157948 9.649051924908859 166861.20775713833
113 9.649051924908859 9.553516757335505 166087.06365664527
114 9.553516757335505 9.4589274825104 172838.88246360127
115 9.4589274825104 9.365274735158813 165699.19894434194
116 9.365274735158813 9.272549242731497 174929.27291953017
117 9.272549242731497 9.180741824486631 176350.88106317862
118 9.180741824486631 9.089843390580823 174864.64224012502
119 9.089843390580823 8.99984494116913 179721.53764874008
120 8.99984494116913 8.91073756551399 176678.1101144978
121 8.91073756551399 8.82251244110296 186411.61364565557
122 8.82251244110296 8.735160832775207 177365.4124932188
123 8.735160832775207 8.648674091856641 181879.72150177203
124 8.648674091856641 8.563043655303604 186006.3342717009
125 8.563043655303604 8.478261044855055 175899.93252856753
126 8.478261044855055 8.394317866193123 188576.80104436187
127 8.394317866193123 8.311205808112003 170229.03362238733
128 8.311205808112003 8.228916641695053 182865.00183072503
129 8.228916641695053 8.147442219500052 175581.54150449557
130 8.147442219500052 8.066774474752528 183112.57918595834
131 8.066774474752528 7.986905420547056 183089.5231225196
132 7.986905420547056 7.907827149056491 183384.06444823157
133 7.907827149056491 7.8295318307490005 175081.28188467782
134 7.8295318307490005 7.752011713612872 182149.09320231632
135 7.752011713612872 7.675259122388984 178848.7152371476
136 7.675259122388984 7.599266457810875 188443.26218093082
137 7.599266457810875 7.52402619585235 186037.22529168782
138 7.52402619585235 7.449530886982525 193702.94533412793
139 7.449530886982525 7.375773155428244 197974.94905996358
140 7.375773155428244 7.302745698443805 196937.05323731774
141 7.302745698443805 7.230441285587926 194188.15574520567
142 7.230441285587926 7.158852758007847 205435.07310180672
143 7.158852758007847 7.087973027730542 199196.2622320099
144 7.087973027730542 7.017795076960932 198260.63139190842
145 7.017795076960932 6.9483119573870615 212641.34956927688
146 6.9483119573870615 6.879516789492142 223472.95685074994
147 6.879516789492142 6.811402761873407 192672.8060330321
148 6.811402761873407 6.743963130567731 210731.8069425576
149 6.743963130567731 6.677191218383892 212891.61418453444
150 6.677191218383892 6.611080414241477 197799.60858228477
151 6.611080414241477 6.545624172516314 207092.63266417934
152 6.545624172516314 6.480816012392389 224071.33636507342
153 6.480816012392389 6.416649517220188 252944.32527278276
154 6.416649517220188 6.353118333881374 294407.2720924229
155 6.353118333881374 6.290216172159776 323481.0609311082
156 6.290216172159776 6.227936804118591 312888.0742208566
157 6.227936804118591 6.166274063483753 301775.10061574494
158 6.166274063483753 6.1052218450334195 304204.4527798088
159 6.1052218450334195 6.0447741039934835 298249.97190158465
160 6.0447741039934835 5.984924855439092 312997.4031379332
161 5.984924855439092 5.925668173702072 292612.6730462428
162 5.925668173702072 5.86699819178423 282162.8783523913
163 5.86699819178423 5.808909100776465 290121.2945070701
164 5.808909100776465 5.751395149283629 303031.3253457119
165 5.751395149283629 5.694450642855078 298366.99827446206
166 5.694450642855078 5.638069943420869 301453.81554559263
167 5.638069943420869 5.5822474687335335 331412.00101393985
168 5.5822474687335335 5.526977691815381 315254.3896553376
169 5.526977691815381 5.472255140411267 343262.1862697538
170 5.472255140411267 5.4180743964468 337395.4159832085
171 5.4180743964468 5.36443009549188 352959.60476695705
172 5.36443009549188 5.311316926229584 389362.6899074881
173 5.311316926229584 5.258729629930281 384454.36368622485
174 5.258729629930281 5.206662999930972 391463.365700604
175 5.206662999930972 5.155111881119774 394304.38531003724
176 5.155111881119774 5.104071169425519 381529.6030366309
177 5.104071169425519 5.053535811312395 407253.5043686198
178 5.053535811312395 5.003500803279599 371506.0435604713
179 5.003500803279599 4.95396119136594 349111.2319564044
180 4.95396119136594 4.904912070659346 330918.92961140996
181 4.904912070659346 4.856348584811234 329480.5664831718
182 4.856348584811234 4.808265925555677 310026.19770904974
183 4.808265925555677 4.760659332233344 296276.992292025
184 4.760659332233344 4.713524091320142 315935.59376628394
185 4.713524091320142 4.666855535960537 354202.58118948096
186 4.666855535960537 4.620649045505483 335331.45283632714
187 4.620649045505483 4.5749000450549335 287928.1466953077
188 4.5749000450549335 4.5296040050048845 265128.67306203267
189 4.5296040050048845 4.484756440598896 262764.52211868967
190 4.484756440598896 4.440352911484055 261102.40222687036
191 4.440352911484055 4.396389021271342 259825.01133519615
192 4.396389021271342 4.352860417100338 254801.22602815903
193 4.352860417100338 4.309762789208256 245059.26973743344
194 4.309762789208256 4.267091870503223 268420.0359953336
195 4.267091870503223 4.224843436141805 311800.1365973741
196 4.224843436141805 4.183013303110699 479935.7463373545
197 4.183013303110699 4.141597329812574 811591.2910011986
198 4.141597329812574 4.100591415656013 906031.9838259504
199 4.100591415656013 4.059991500649518 959864.3812920104
200 4.059991500649518 4.019793564999523 1020712.8547211367
201 4.019793564999523 3.979993628712399 1062073.4080425925
202 3.979993628712399 3.940587751200395 1087615.8336852712
203 3.940587751200395 3.9015720308914803 1112615.7701557786
204 3.9015720308914803 3.8629426048430493 1103366.4322051634
205 3.8629426048430493 3.824695648359455 1106996.556640179
206 3.824695648359455 3.7868273746133223 1101948.3398290968
207 3.7868273746133223 3.7493340342706154 1093537.5344655162
208 3.7493340342706154 3.712211915119422 1075151.475337155
209 3.712211915119422 3.6754573417023977 1046089.8993327101
210 3.6754573417023977 3.639066674952869 1014735.1028279244
211 3.639066674952869 3.603036311834524 970223.315128085
212 3.603036311834524 3.5673626849846767 905536.1769092788
213 3.5673626849846767 3.5320422623610663 863072.674389085
214 3.5320422623610663 3.497071546892145 811371.4991763445
215 3.497071546892145 3.4624470761308364 774314.1017262905
216 3.4624470761308364 3.4281654219117192 761406.3487492381
217 3.4281654219117192 3.3942231900116036 740049.4948016658
218 3.3942231900116036 3.3606170198134686 725824.7276794477
219 3.3606170198134686 3.327343583973732 496083.3668315056
220 3.327343583973732 3.294399588092804 636973.8444671414
221 3.294399588092804 3.2617817703889145 754071.0230133599
222 3.2617817703889145 3.229486901375163 684387.0248491075
223 3.229486901375163 3.197511783539765 601931.7749426314
224 3.197511783539765 3.1658532510294703 586264.1741495681
225 3.1658532510294703 3.1345081693361094 592816.3180276935
226 3.1345081693361094 3.1034734349862467 590439.6806390852
227 3.1034734349862467 3.0727459752339077 590185.0979233274
228 3.0727459752339077 3.042322747756344 548383.9270838043
229 3.042322747756344 3.0122007403528164 529798.5834610775
230 3.0122007403528164 2.9823769706463525 452766.5412299797
231 2.9823769706463525 2.9528484857884685 458089.97388528346
232 2.9528484857884685 2.9236123621668004 440123.75786803785
233 2.9236123621668004 2.8946657051156435 402471.75098973856
234 2.8946657051156435 2.8660056486293506 387390.12968815316
235 2.8660056486293506 2.8376293550785654 359023.5901401346
236 2.8376293550785654 2.809534014929272 343310.1000655412
237 2.809534014929272 2.781716846464626 333360.1295057476
238 2.781716846464626 2.7541750955095305 327496.05817017937
239 2.7541750955095305 2.7269060351579513 356272.4748435505
240 2.7269060351579513 2.6999069655029224 291450.9878493159
241 2.6999069655029224 2.67317521336923 283607.2890848621
242 2.67317521336923 2.6467081320487424 406741.7834343956
243 2.6467081320487424 2.620503101038359 474467.5002220764
244 2.620503101038359 2.5945575257805533 431310.8390852327
245 2.5945575257805533 2.5688688374064887 405446.0892553094
246 2.5688688374064887 2.543434492481672 372072.9131258119
247 2.543434492481672 2.5182519727541304 414275.53727111174
248 2.5182519727541304 2.493318784905079 498895.560985872
249 2.493318784905079 2.4686324603020586 577244.9495138753
250 2.4686324603020586 2.4441905547545137 648252.654237257
251 2.4441905547545137 2.4199906482717957 758788.9375355998
252 2.4199906482717957 2.39603034482356 798200.1708683005
253 2.39603034482356 2.372307272102535 813690.971321396
254 2.372307272102535 2.3488190812896383 817592.0271926537
255 2.3488190812896383 2.325563446821424 819761.2921751171
256 2.325563446821424 2.302538066159826 807854.9367638113
257 2.302538066159826 2.279740659564184 957863.6835678855
258 2.279740659564184 2.257168969865529 1089720.5565920803
259 2.257168969865529 2.234820762243098 1128301.7487036933
260 2.234820762243098 2.212693824003067 1145263.8543835653
261 2.212693824003067 2.1907859643594723 1151736.214973805
262 2.1907859643594723 2.1690950142172993 1187878.6078454258
263 2.1690950142172993 2.1476188259577222 1213851.1200431844
264 2.1476188259577222 2.126355273225467 1203524.5257212867
265 2.126355273225467 2.1053022507182844 1128836.5009677515
266 2.1053022507182844 2.0844576739784992 1022418.4245863677
267 2.0844576739784992 2.063819479186633 906976.9249790388
268 2.063819479186633 2.043385622957062 789559.588070092
269 2.043385622957062 2.0231540821357052 678472.7594548342
270 2.0231540821357052 2.0031228535997085 590825.40153717
271 2.0031228535997085 1.9832899540591173 543891.8711535865
272 1.9832899540591173 1.963653419860512 512060.4242000104
273 1.963653419860512 1.9442113067925864 485127.3613092635
274 1.9442113067925864 1.92496168989365 500489.3664165978
275 1.92496168989365 1.9059026632610394 539103.003453497
276 1.9059026632610394 1.8870323398624154 518193.02689766634
277 1.8870323398624154 1.8683488513489264 455532.38265547325
278 1.8683488513489264 1.8498503478702242 381087.45737376297
279 1.8498503478702242 1.831534997891311 447226.58707275934
280 1.831534997891311 1.813400988011199 490084.0549827259
281 1.813400988011199 1.7954465227833656 489484.53464560915
282 1.7954465227833656 1.7776698245379856 553374.1120569715
283 1.7776698245379856 1.7600691332059264 637949.6933497887
284 1.7600691332059264 1.7426427061444816 727565.671257309
285 1.7426427061444816 1.7253888179648336 786607.2377058925
286 1.7253888179648336 1.708305760361221 874954.6197637661
287 1.708305760361221 1.6913918419418033 997556.3341518709
288 1.6913918419418033 1.6746453880611911 1034923.8835740907
289 1.6746453880611911 1.6580647406546447 979229.9206894023
290 1.6580647406546447 1.6416482580739058 952941.172041521
291 1.6416482580739058 1.625394314924659 905643.1438356068
292 1.625394314924659 1.609301301905603 848752.186399015
293 1.609301301905603 1.5933676256491118 783519.2409730349
294 1.5933676256491118 1.577591708563477 693449.4441304792
295 1.577591708563477 1.56197198867671 636179.8073943784
296 1.56197198867671 1.5465069194818912 549347.324820693
297 1.5465069194818912 1.5311949697840506 471829.8606097347
298 1.5311949697840506 1.516034623548565 403270.6584618465
299 1.516034623548565 1.5010243797510545 352941.08227080316
300 1.5010243797510545 1.4861627522287668 305043.6141435163
301 1.4861627522287668 1.4714482695334326 266742.89810092625
302 1.4714482695334326 1.4568794747855767 243637.25325307582
303 1.4568794747855767 1.442454925530274 212093.9107607662
304 1.442454925530274 1.4281731935943307 170642.13070045496
305 1.4281731935943307 1.4140328649448817 158968.8434034344
306 1.4140328649448817 1.400032539549388 180286.7609868859
307 1.400032539549388 1.3861708312370178 190490.92720454588
308 1.3861708312370178 1.3724463675614038 176593.85081417236
309 1.3724463675614038 1.358857789664756 167680.73550217893
310 1.358857789664756 1.345403752143323 176420.0651891638
311 1.345403752143323 1.3320829229141813 224625.06739236668
312 1.3320829229141813 1.3188939830833477 417155.1349628838
313 1.3188939830833477 1.3058356268151958 478981.2608579617
314 1.3058356268151958 1.2929065612031638 511249.65210680757
315 1.2929065612031638 1.2801055061417466 509278.46672412637
316 1.2801055061417466 1.267431194199749 521440.9439719225
317 1.267431194199749 1.2548823704948011 515342.5949598925
318 1.2548823704948011 1.2424577925691098 470437.20884938474
319 1.2424577925691098 1.2301562302664457 427672.73796145275
320 1.2301562302664457 1.2179764656103422 378392.97479351657
321 1.2179764656103422 1.2059172926835073 334133.47015438345
322 1.2059172926835073 1.1939775175084228 295229.15099611593
323 1.1939775175084228 1.1821559579291314 250936.6097517997
324 1.1821559579291314 1.1704514434941897 219556.48318987936
325 1.1704514434941897 1.1588628153407816 201114.97256627
326 1.1588628153407816 1.1473889260799819 195106.46662799234
327 1.1473889260799819 1.1360286396831505 180727.808229843
328 1.1360286396831505 1.124780831369456 172459.08552335898
329 1.124780831369456 1.113644387494511 170649.36629698487
330 1.113644387494511 1.1026182054401097 181984.01198171047
331 1.1026182054401097 1.0917011935050591 196416.9907040625
332 1.0917011935050591 1.0808922707970885 285652.59521088813
333 1.0808922707970885 1.0701903671258302 302163.2995090268
334 1.0701903671258302 1.0595944228968615 284051.79267852183
335 1.0595944228968615 1.0491033890067936 262544.02269727504
336 1.0491033890067936 1.0387162267393995 238966.8586869257
337 1.0387162267393995 1.028431907662772 214856.68591904148
338 1.028431907662772 1.0182494135274969 186469.2981193461
339 1.0182494135274969 1.0081677361658383 162208.8288289647
340 1.0081677361658383 0.9981858773919191 138395.5681719298
341 0.9981858773919191 0.9883028489028902 118784.19074177432
342 0.9883028489028902 0.9785176721810795 100287.45709349324
343 0.9785176721810795 0.9688293783971084 88647.67364561003
344 0.9688293783971084 0.9592370083139687 80686.10038230775
345 0.9592370083139687 0.9497396121920483 74225.35788288173
346 0.9497396121920483 0.9403362496950972 68545.42088350601
347 0.9403362496950972 0.9310259897971259 57419.11733999965
348 0.9310259897971259 0.9218079106902237 63305.42452504296
349 0.9218079106902237 0.9126810996932909 68631.93513742507
350 0.9126810996932909 0.9036446531616741 66949.24562013896
351 0.9036446531616741 0.894697676397697 58428.05357909668
352 0.894697676397697 0.8858392835620764 54347.82896401891
353 0.8858392835620764 0.8770685975862142 51696.041302186604
354 0.8770685975862142 0.8683847500853606 46110.28263766359
355 0.8683847500853606 0.8597868812726344 40922.45718755814
356 0.8597868812726344 0.8512741398738952 36044.96368792747
357 0.8512741398738952 0.8428456830434606 31361.283470471095
358 0.8428456830434606 0.834500676280654 27188.989914901867
359 0.834500676280654 0.8262382933471824 23814.09708597187
360 0.8262382933471824 0.8180577161853291 20449.882077635215
361 0.8180577161853291 0.8099581348369594 16979.486719190558
362 0.8099581348369594 0.8019387473633263 14727.758519478351
363 0.8019387473633263 0.7939987597656695 11719.16002100883
364 0.7939987597656695 0.7861373859066034 8399.70586573926
365 0.7861373859066034 0.7783538474322808 5171.190911355105
366 0.7783538474322808 0.7706473736953273 1552.624844840662
367 0.7706473736953273 0.763017201678542 52.24948357780669
368 0.763017201678542 0.7554625759193484 1376.0722986827493
369 0.7554625759193484 0.7479827484349985 2576.469690875232
370 0.7479827484349985 0.7405769786485132 3642.6200917186807
371 0.7405769786485132 0.7332445333153597 4273.713238781446
372 0.7332445333153597 0.7259846864508511 4510.099894131559
373 0.7259846864508511 0.7187967192582685 4562.751178234654
374 0.7187967192582685 0.7116799200576917 4408.07461362335
375 0.7116799200576917 0.7046335842155362 4235.707160915968
376 0.7046335842155362 0.6976570140747883 3824.388113591671
377 0.6976570140747883 0.6907495188859292 3485.7060281641616
378 0.6907495188859292 0.6839104147385437 3521.394266151224
379 0.6839104147385437 0.6771390244936076 3332.748969185884
380 0.6771390244936076 0.6704346777164433 2915.9742364567796
381 0.6704346777164433 0.6637967106103398 2448.8773217344337
382 0.6637967106103398 0.6572244659508314 2019.4795028019323
383 0.6572244659508314 0.6507172930206251 1618.1914078405923
384 0.6507172930206251 0.6442745475451734 1277.1266628031444
385 0.6442745475451734 0.6378955916288845 986.726820455791
386 0.6378955916288845 0.6315797936919649 711.0584895093892
387 0.6315797936919649 0.625326528407886 489.33196778013365
388 0.625326528407886 0.6191351766414713 313.53404782880307
389 0.6191351766414713 0.6130051253875953 179.5855243230818
390 0.6130051253875953 0.6069357677104904 88.50078547199536
391 0.6069357677104904 0.6009265026836539 33.183680665419445
392 0.6009265026836539 0.5949767353303502 9.5463790144423
393 0.5949767353303502 0.5890858765647032 0.4416490692928435
394 0.5890858765647032 0.5832533431333695 0.22861925695046847
395 0.5832533431333695 0.5774785575577916 2.383620890392803
396 0.5774785575577916 0.5717609480770215 7.425722041761068
397 0.5717609480770215 0.5660999485911103 15.328962439842083
398 0.5660999485911103 0.5604949986050597 22.65276133872939
399 0.5604949986050597 0.5549455431733264 32.52845310952902
400 0.5549455431733264 0.5494510328448777 41.83904990410476
401 0.5494510328448777 0.5440109236087899 51.81098642096912
402 0.5440109236087899 0.538624676840386 60.0116850537066
403 0.538624676840386 0.533291759247907 66.4905024558479
404 0.533291759247907 0.5280116428197099 70.75658480242261
405 0.5280116428197099 0.5227838047719899 70.79518648155464
406 0.5227838047719899 0.5176077274970198 69.16622080171106
407 0.5176077274970198 0.5124828985119008 70.71825451923577
408 0.5124828985119008 0.5074088104078225 87.66560975650272
409 0.5074088104078225 0.5023849607998243 123.54062490223582
410 0.5023849607998243 0.4974108522770538 160.825930161476
411 0.4974108522770538 0.4924859923535185 154.91115430259714
412 0.4924859923535185 0.4876098934193253 140.9340979714616
413 0.4876098934193253 0.4827820726924013 125.84675837808824
414 0.4827820726924013 0.4780020521706943 113.02295412444076
415 0.4780020521706943 0.4732693585848458 101.0571043369091
416 0.4732693585848458 0.4685835233513326 90.38874645590343
417 0.4685835233513326 0.4639440825260718 79.52673515672178
418 0.4639440825260718 0.4593505767584869 71.7175949260579
419 0.4593505767584869 0.45480255124602664 63.562908798055695
420 0.45480255124602664 0.45029955568913527 56.01875606123995
421 0.45029955568913527 0.44584114424666854 48.440138631655145
422 0.44584114424666854 0.441426875491751 43.23986794352237
423 0.441426875491751 0.4370563123680703 37.19368414519144
424 0.4370563123680703 0.43272902214660425 32.66196512285762
425 0.43272902214660425 0.4284445763827765 27.736128468109566
426 0.4284445763827765 0.4242025508740362 23.344434825876835
427 0.4242025508740362 0.4200025256178575 18.9572273463686
428 0.4200025256178575 0.415844084770156 14.533669826736848
429 0.415844084770156 0.41172681660411475 9.961927621207293
430 0.41172681660411475 0.4076503134694206 5.21543944255566
431 0.4076503134694206 0.4036141717519016 1.0338595150725092
432 0.4036141717519016 0.3996179918335659 2.163818778609998
433 0.3996179918335659 0.3956613780530356 3.9735234510237003
434 0.3956613780530356 0.3917439386663718 4.654584061946783
435 0.3917439386663718 0.387865285808289 4.697070365869666
436 0.387865285808289 0.38402503545375144 4.364309708894209
437 0.38402503545375144 0.3802228073799519 3.8404460626365364
438 0.3802228073799519 0.3764582251286653 3.244177585100791
439 0.3764582251286653 0.37273091596897556 2.646798175660713
440 0.37273091596897556 0.3690405108603718 2.0916845380629154
441 0.3690405108603718 0.36538664441620966 1.6026922277779203
442 0.36538664441620966 0.36176895486753435 1.190403231949095
443 0.36176895486753435 0.3581870840272617 0.8566350080300149
444 0.3581870840272617 0.35464067725471454 0.59550354050606
445 0.35464067725471454 0.3511293834205094 0.39706846508841326
446 0.3511293834205094 0.34765285487179154 0.24303162221762534
447 0.34765285487179154 0.34421074739781343 0.07612097839896416
448 0.34421074739781343 0.34080272019585484 0.071509639822048
449 0.34080272019585484 0.33742843583748006 0.05386158067667573
450 0.33742843583748006 0.33408756023512876 0.022626871375609477
451 0.33408756023512876 0.3307797626090384 0.005853255020647025
452 0.3307797626090384 0.32750471545449344 0.002567052132407354
453 0.32750471545449344 0.32426209450939947 0.008409396843196805
454 0.32426209450939947 0.32105157872217766 0.009551282232851111
455 0.32105157872217766 0.3178728502199779 0.015498261042773933
456 0.3178728502199779 0.31472559427720587 0.017552396885320693
457 0.31472559427720587 0.31160949928436216 0.015682353973109898
458 0.31160949928436216 0.30852425671719025 0.006493460795025087
459 0.30852425671719025 0.305469561106129 0.011016267868863845
460 0.305469561106129 0.30244511000606833 0.004681827325234666
461 0.30244511000606833 0.29945060396640427 0.004639835460368992
462 0.29945060396640427 0.29648574650139037 0.0018821464000271955
463 0.29648574650139037 0.2935502440607825 0.0006470863605563734
464 0.2935502440607825 0.29064380600077483 0.00011827333249272179
465 0.29064380600077483 0.2877661445552226 0.00040656544090911657
466 0.2877661445552226 0.2849169748071511 0.00011234237271999207
467 0.2849169748071511 0.2820960146605456 0.00018590535324929902
468 0.2820960146605456 0.27930298481242144 0.000475953470302789
469 0.27930298481242144 0.2765376087251697 44.15215557199601
470 0.2765376087251697 0.27379961259917796 191.83108669895157
471 0.27379961259917796 0.27108872534572076 98.91155002571466
472 0.27108872534572076 0.26840467856011957 35.37980215666704
473 0.26840467856011957 0.2657472064951679 54.37219213292701
474 0.2657472064951679 0.2631160460348197 22.303075413001803
475 0.2631160460348197 0.26051093666813835 19.899692563903507
476 0.26051093666813835 0.25793162046350326 204.6590953952914
477 0.25793162046350326 0.25537784204307257 202.09535870605347
478 0.25537784204307257 0.2528493485574976 58.79707326423689
479 0.2528493485574976 0.25034588966088867 78.15521874098198
480 0.25034588966088867 0.24786721748602838 55.46853978286055
481 0.24786721748602838 0.24541308661983008 20.17713152348226
482 0.24541308661983008 0.24298325407903973 109.13058469494732
483 0.24298325407903973 0.24057747928617793 151.71434191252376
484 0.24057747928617793 0.2381955240457207 128.0603428150272
485 0.2381955240457207 0.23583715252051554 505.0634515129937
486 0.23583715252051554 0.23350213120843125 207.73872708113967
487 0.23350213120843125 0.23119022891923888 39.64285586253827
488 0.23119022891923888 0.22890121675172165 240.80120252914594
489 0.22890121675172165 0.22663486807101155 1667.9900674874193
490 0.22663486807101155 0.22439095848615 2238.9896111290327
491 0.22439095848615 0.22216926582787133 366.6101956115967
492 0.22216926582787133 0.21996957012660528 198.32217561622963
493 0.21996957012660528 0.2177916535906983 2716.8514363774875
494 0.2177916535906983 0.21563530058484978 1766.4855480069962
495 0.21563530058484978 0.21350029760876219 1249.1583238527892
496 0.21350029760876219 0.21138643327600218 962.2684542886278
497 0.21138643327600218 0.20929349829307142 2038.0526805933218
498 0.20929349829307142 0.2072212854386846 1530.3890295350323
499 0.2072212854386846 0.20516958954325207 1530.783470148838
500 0.20516958954325207 0.20313820746856645 1267.3484460741095
501 0.20313820746856645 0.20112693808768956 1151.7955891153522
502 0.20112693808768956 0.19913558226503916 624.1074919454101
