503
0 29.702970297029708 29.40888148220763 6880.845245938531
1 29.40888148220763 29.11770443782934 7255.593211065252
2 29.11770443782934 28.829410334484493 7987.6787398332
3 28.829410334484493 28.54397062820247 7282.072810429571
4 28.54397062820247 28.261357057626206 7048.494534034559
5 28.261357057626206 27.98154164121406 7229.836411834134
6 27.98154164121406 27.704496674469365 8329.042100805922
7 27.704496674469365 27.430194727197396 9452.150543429216
8 27.430194727197396 27.158608640789495 9525.074134273213
9 27.158608640789495 26.889711525534153 9085.212136081827
10 26.889711525534153 26.623476757954606 8388.495946510055
11 26.623476757954606 26.35987797817288 9241.396216788171
12 26.35987797817288 26.098889087299877 10311.020254876003
13 26.098889087299877 25.840484244851364 9923.170310415782
14 25.840484244851364 25.58463786618947 10791.224669073346
15 25.58463786618947 25.331324619989573 10193.368425130275
16 25.331324619989573 25.080519425732252 10204.45569193899
17 25.080519425732252 24.83219745122005 10479.045865613927
18 24.83219745122005 24.58633411011886 11788.779069041102
19 24.58633411011886 24.34290505952362 11934.058017583106
20 24.34290505952362 24.10188619754814 13201.335977112474
21 24.10188619754814 23.863253660938756 12064.793079596686
22 23.863253660938756 23.626983822711637 12022.978891558116
23 23.626983822711637 23.3930532898135 12800.598283446629
24 23.3930532898135 23.161438900805447 14534.947389319792
25 23.161438900805447 22.93211772356975 14191.452740484723
26 22.93211772356975 22.705067053039354 14620.549259775615
27 22.705067053039354 22.480264408949857 14305.277890025252
28 22.480264408949857 22.25768753361372 14613.419641126275
29 22.25768753361372 22.037314389716556 15336.727989412544
30 22.037314389716556 21.819123158135202 15397.13565989898
31 21.819123158135202 21.603092235777428 15896.58357687716
32 21.603092235777428 21.389200233442995 17714.9614232771
33 21.389200233442995 21.177425973705937 16096.476051362828
34 21.177425973705937 20.96774848881776 16771.135446171666
35 20.96774848881776 20.760147018631447 18836.08467629917
36 20.760147018631447 20.554601008545987 19647.71887598256
37 20.554601008545987 20.351090107471272 19317.637437729078
38 20.351090107471272 20.149594165813145 18975.840229500627
39 20.149594165813145 19.95009323347836 21728.335074981547
40 19.95009323347836 19.752567557899365 20345.72184161674
41 19.752567557899365 19.55699758207858 21162.061219614592
42 19.55699758207858 19.363363942652057 21846.73457064808
43 19.363363942652057 19.171647467972335 21907.40281016846
44 19.171647467972335 18.981829176210233 24615.67093105387
45 18.981829176210233 18.79389027347548 26304.80686727092
46 18.79389027347548 18.607812151955923 23956.940382514676
47 18.607812151955923 18.42357638807517 24562.336884042907
48 18.42357638807517 18.241164740668488 27294.286343330423
49 18.241164740668488 18.06055914917672 27191.604481593222
50 18.06055914917672 17.88174173185814 28720.530905548756
51 17.88174173185814 17.704694784017956 29307.83400668893
52 17.704694784017956 17.529400776255404 29821.260284691976
53 17.529400776255404 17.355842352728125 29490.06264338249
54 17.355842352728125 17.18400232943379 30379.467717579366
55 17.18400232943379 17.0138636925087 33482.13014706528
56 17.0138636925087 16.84540959654327 33396.826027734685
57 16.84540959654327 16.678623362914127 34853.339190641695
58 16.678623362914127 16.5134884781328 33862.62689111128
59 16.5134884781328 16.349988592210693 35204.46657492468
60 16.349988592210693 16.18810751704029 35166.23592884253
61 16.18810751704029 16.027829224792367 37326.519092844654
62 16.027829224792367 15.869137846329076 38656.89981955662
63 15.869137846329076 15.712017669632747 37231.630622466684
64 15.712017669632747 15.556453138250246 38975.78914681617
65 15.556453138250246 15.402428849752717 39160.553196102446
66 15.402428849752717 15.24992955421061 40803.3380839389
67 15.24992955421061 15.098940152683772 40965.17354698341
68 15.098940152683772 14.949445695726508 42475.65775399995
69 14.949445695726508 14.801431381907433 40403.43091253422
70 14.801431381907433 14.654882556343996 44925.47559497053
71 14.654882556343996 14.509784709251477 45261.098509694886
72 14.509784709251477 14.366123474506413 46465.45964497218
73 14.366123474506413 14.223884628224173 49892.05773045392
74 14.223884628224173 14.083054087350666 50020.3957849382
75 14.083054087350666 13.943617908267983 53250.87078601747
76 13.943617908267983 13.805562285413846 53640.13254736965
77 13.805562285413846 13.668873549914698 58012.42099254836
78 13.668873549914698 13.533538168232376 60073.114159500285
79 13.533538168232376 13.399542740824135 60036.118639671244
80 13.399542740824135 13.266874000815976 65597.77518552511
81 13.266874000815976 13.135518812689085 67000.68599130286
82 13.135518812689085 13.005464170979291 71089.84916703918
83 13.005464170979291 12.8766971989894 75281.28059735018
84 12.8766971989894 12.749205147514257 75595.1883928787
85 12.749205147514257 12.622975393578471 79397.68920801826
86 12.622975393578471 12.497995439186605 79192.8071267739
87 12.497995439186605 12.374252910085747 81377.89355230809
88 12.374252910085747 12.251735554540343 88370.4000656185
89 12.251735554540343 12.130431242119151 93609.45145098571
90 12.130431242119151 12.010327962494209 93972.1860970475
91 12.010327962494209 11.891413824251691 97360.0176070532
92 11.891413824251691 11.773677053714547 100393.05345463133
93 11.773677053714547 11.657105993776778 97827.41636176876
94 11.657105993776778 11.541689102749285 102859.6187615544
95 11.541689102749285 11.427414953217115 111172.20362606205
96 11.427414953217115 11.314272230908033 114742.54524047647
97 11.314272230908033 11.202249733572312 113633.24283922663
98 11.202249733572312 11.091336369873574 116258.61207060481
99 11.091336369873574 10.981521158290668 110686.73442642149
100 10.981521158290668 10.872793226030364 112445.8977972352
101 10.872793226030364 10.765141807950855 123508.86121393651
102 10.765141807950855 10.658556245495896 120003.66595314954
103 10.658556245495896 10.5530259856395 119271.46198047714
104 10.5530259856395 10.44854057984109 121627.31016869182
105 10.44854057984109 10.34508968301098 120584.55320108868
106 10.34508968301098 10.24266305248612 141168.61723120918
107 10.24266305248612 10.141250547015959 156082.85470576715
108 10.141250547015959 10.040842125758378 157419.9690179701
109 10.040842125758378 9.94142784728552 164136.8595299042
110 9.94142784728552 9.842997868599525 159185.63704993203
111 9.842997868599525 9.745542444157948 170066.8101596025
112 9.745542444157948 9.649051924908859 172727.48848294755
113 9.649051924908859 9.553516757335505 172103.14407165433
114 9.553516757335505 9.4589274825104 178758.71817222566
115 9.4589274825104 9.365274735158813 172008.6846610812
116 9.365274735158813 9.272549242731497 181668.34448607388
117 9.272549242731497 9.180741824486631 184009.33581248907
118 9.180741824486631 9.089843390580823 182763.63061780733
119 9.089843390580823 8.99984494116913 187080.45489846065
120 8.99984494116913 8.91073756551399 183204.2318078974
121 8.91073756551399 8.82251244110296 192353.0700838489
122 8.82251244110296 8.735160832775207 184964.62268903077
123 8.735160832775207 8.648674091856641 189003.63404038307
124 8.648674091856641 8.563043655303604 195021.06417530923
125 8.563043655303604 8.478261044855055 184332.03987142115
126 8.478261044855055 8.394317866193123 197644.71016703435
127 8.394317866193123 8.311205808112003 178262.00419481803
128 8.311205808112003 8.228916641695053 192471.63091388482
129 8.228916641695053 8.147442219500052 182508.0915704062
130 8.147442219500052 8.066774474752528 192636.60077195757
131 8.066774474752528 7.986905420547056 191629.04183865446
132 7.986905420547056 7.907827149056491 189798.57310593993
133 7.907827149056491 7.8295318307490005 181018.85996069224
134 7.8295318307490005 7.752011713612872 189115.93665031897
135 7.752011713612872 7.675259122388984 185670.04689407724
136 7.675259122388984 7.599266457810875 195444.03513240773
137 7.599266457810875 7.52402619585235 188907.93841606597
138 7.52402619585235 7.449530886982525 200746.33106767733
139 7.449530886982525 7.375773155428244 206453.28295294414
140 7.375773155428244 7.302745698443805 205747.98833625775
141 7.302745698443805 7.230441285587926 201542.6635085332
142 7.230441285587926 7.158852758007847 214216.43305416944
143 7.158852758007847 7.087973027730542 205202.11295983024
144 7.087973027730542 7.017795076960932 203459.60357185977
145 7.017795076960932 6.9483119573870615 218743.14308194604
146 6.9483119573870615 6.879516789492142 229559.88591049646
147 6.879516789492142 6.811402761873407 194768.9972517494
148 6.811402761873407 6.743963130567731 214606.61500597026
149 6.743963130567731 6.677191218383892 215684.12541089798
150 6.677191218383892 6.611080414241477 198684.72140685646
151 6.611080414241477 6.545624172516314 208486.03696043626
152 6.545624172516314 6.480816012392389 227000.30027532927
153 6.480816012392389 6.416649517220188 258587.83146699762
154 6.416649517220188 6.353118333881374 305459.1097599421
155 6.353118333881374 6.290216172159776 335851.874121191
156 6.290216172159776 6.227936804118591 322875.10979335784
157 6.227936804118591 6.166274063483753 314124.88062070275
158 6.166274063483753 6.1052218450334195 319322.90190075565
159 6.1052218450334195 6.0447741039934835 307831.1729368339
160 6.0447741039934835 5.984924855439092 317779.2440909799
161 5.984924855439092 5.925668173702072 295970.1951085871
162 5.925668173702072 5.86699819178423 284738.5022634414
163 5.86699819178423 5.808909100776465 294706.6833568709
164 5.808909100776465 5.751395149283629 306638.3982393609
165 5.751395149283629 5.694450642855078 300582.6837758996
166 5.694450642855078 5.638069943420869 304189.5905275994
167 5.638069943420869 5.5822474687335335 336479.29572608
168 5.5822474687335335 5.526977691815381 318876.06207485416
169 5.526977691815381 5.472255140411267 346266.01110606233
170 5.472255140411267 5.4180743964468 339500.5820881125
171 5.4180743964468 5.36443009549188 354636.26956710406
172 5.36443009549188 5.311316926229584 397185.64046159177
173 5.311316926229584 5.258729629930281 398468.73704538814
174 5.258729629930281 5.206662999930972 411480.4306765746
175 5.206662999930972 5.155111881119774 420901.82569736085
176 5.155111881119774 5.104071169425519 410930.8726473474
177 5.104071169425519 5.053535811312395 416716.17468138324
178 5.053535811312395 5.003500803279599 365891.53699658765
179 5.003500803279599 4.95396119136594 354708.49221281044
180 4.95396119136594 4.904912070659346 343157.9425884032
181 4.904912070659346 4.856348584811234 343704.0407098715
182 4.856348584811234 4.808265925555677 329279.17057509214
183 4.808265925555677 4.760659332233344 314004.06499732024
184 4.760659332233344 4.713524091320142 333478.39772589126
185 4.713524091320142 4.666855535960537 377412.73215244745
186 4.666855535960537 4.620649045505483 362675.0807691513
187 4.620649045505483 4.5749000450549335 302838.01744764403
188 4.5749000450549335 4.5296040050048845 279743.0695292858
189 4.5296040050048845 4.484756440598896 278162.2880599589
190 4.484756440598896 4.440352911484055 272047.35150174337
191 4.440352911484055 4.396389021271342 281776.0669814985
192 4.396389021271342 4.352860417100338 271285.9869740928
193 4.352860417100338 4.309762789208256 258008.59757401084
194 4.309762789208256 4.267091870503223 278336.0903217515
195 4.267091870503223 4.224843436141805 333141.8439838285
196 4.224843436141805 4.183013303110699 525220.1819581847
197 4.183013303110699 4.141597329812574 854919.1488222432
198 4.141597329812574 4.100591415656013 911406.4940488557
199 4.100591415656013 4.059991500649518 966837.4368491957
200 4.059991500649518 4.019793564999523 1030551.2331595301
201 4.019793564999523 3.979993628712399 1072138.615240784
202 3.979993628712399 3.940587751200395 1100509.8858427089
203 3.940587751200395 3.9015720308914803 1128090.8237718684
204 3.9015720308914803 3.8629426048430493 1121918.6664969698
205 3.8629426048430493 3.824695648359455 1122705.5313137416
206 3.824695648359455 3.7868273746133223 1117160.221054714
207 3.7868273746133223 3.7493340342706154 1109782.3570419871
208 3.7493340342706154 3.712211915119422 1092162.5923530846
209 3.712211915119422 3.6754573417023977 1060041.5581914317
210 3.6754573417023977 3.639066674952869 1031128.5467352091
211 3.639066674952869 3.603036311834524 989864.7465892821
212 3.603036311834524 3.5673626849846767 924899.1708611991
213 3.5673626849846767 3.5320422623610663 884474.3587221685
214 3.5320422623610663 3.497071546892145 833288.0735783313
215 3.497071546892145 3.4624470761308364 798190.9307241666
216 3.4624470761308364 3.4281654219117192 785585.5637766495
217 3.4281654219117192 3.3942231900116036 771876.5584320235
218 3.3942231900116036 3.3606170198134686 753962.5746877487
219 3.3606170198134686 3.327343583973732 514116.80217264325
220 3.327343583973732 3.294399588092804 643164.9550375117
221 3.294399588092804 3.2617817703889145 785583.1893783616
222 3.2617817703889145 3.229486901375163 722972.0959969586
223 3.229486901375163 3.197511783539765 640651.263364026
224 3.197511783539765 3.1658532510294703 621132.7434913467
225 3.1658532510294703 3.1345081693361094 638034.0524777806
226 3.1345081693361094 3.1034734349862467 639551.9327772595
227 3.1034734349862467 3.0727459752339077 626793.0322952168
228 3.0727459752339077 3.042322747756344 564718.8394130227
229 3.042322747756344 3.0122007403528164 550195.8785598744
230 3.0122007403528164 2.9823769706463525 481161.81062225794
231 2.9823769706463525 2.9528484857884685 466185.56085480296
232 2.9528484857884685 2.9236123621668004 449028.077772663
233 2.9236123621668004 2.8946657051156435 413701.4610170395
234 2.8946657051156435 2.8660056486293506 402245.89561244013
235 2.8660056486293506 2.8376293550785654 390067.47653851495
236 2.8376293550785654 2.809534014929272 386353.5857306105
237 2.809534014929272 2.781716846464626 374370.55888483586
238 2.781716846464626 2.7541750955095305 361153.87565731455
239 2.7541750955095305 2.7269060351579513 394681.7068978033
240 2.7269060351579513 2.6999069655029224 328932.40933943697
241 2.6999069655029224 2.67317521336923 318611.15998789086
242 2.67317521336923 2.6467081320487424 454319.79574560234
243 2.6467081320487424 2.620503101038359 475274.69532080984
244 2.620503101038359 2.5945575257805533 429274.7618474577
245 2.5945575257805533 2.5688688374064887 401830.39466099476
246 2.5688688374064887 2.543434492481672 373384.4946572121
247 2.543434492481672 2.5182519727541304 414482.661260648
248 2.5182519727541304 2.493318784905079 500006.28969963663
249 2.493318784905079 2.4686324603020586 583421.489249231
250 2.4686324603020586 2.4441905547545137 709064.5846811432
251 2.4441905547545137 2.4199906482717957 832556.937542256
252 2.4199906482717957 2.39603034482356 869424.3308136802
253 2.39603034482356 2.372307272102535 850966.5597822437
254 2.372307272102535 2.3488190812896383 844927.0601425905
255 2.3488190812896383 2.325563446821424 873199.0738552302
256 2.325563446821424 2.302538066159826 869937.0232973197
257 2.302538066159826 2.279740659564184 996614.5107289205
258 2.279740659564184 2.257168969865529 1122384.3384539494
259 2.257168969865529 2.234820762243098 1168224.8535366363
260 2.234820762243098 2.212693824003067 1182597.778228631
261 2.212693824003067 2.1907859643594723 1189537.1662568105
262 2.1907859643594723 2.1690950142172993 1216454.1305066505
263 2.1690950142172993 2.1476188259577222 1238680.2001763587
264 2.1476188259577222 2.126355273225467 1214371.2741233255
265 2.126355273225467 2.1053022507182844 1136075.8794376603
266 2.1053022507182844 2.0844576739784992 1031085.6221148658
267 2.0844576739784992 2.063819479186633 919579.5904525853
268 2.063819479186633 2.043385622957062 809634.7596493051
269 2.043385622957062 2.0231540821357052 704429.4921782623
270 2.0231540821357052 2.0031228535997085 613874.9534848171
271 2.0031228535997085 1.9832899540591173 556626.240310495
272 1.9832899540591173 1.963653419860512 521399.00797464524
273 1.963653419860512 1.9442113067925864 497222.8607861053
274 1.9442113067925864 1.92496168989365 513331.5840921622
275 1.92496168989365 1.9059026632610394 545626.0027129557
276 1.9059026632610394 1.8870323398624154 520629.184836465
277 1.8870323398624154 1.8683488513489264 455003.06078750215
278 1.8683488513489264 1.8498503478702242 379178.0793734942
279 1.8498503478702242 1.831534997891311 448476.299482836
280 1.831534997891311 1.813400988011199 489376.07871758606
281 1.813400988011199 1.7954465227833656 488637.6227159874
282 1.7954465227833656 1.7776698245379856 552779.5657330418
283 1.7776698245379856 1.7600691332059264 636230.1085354739
284 1.7600691332059264 1.7426427061444816 726657.2491097412
285 1.7426427061444816 1.7253888179648336 786931.2047471134
286 1.7253888179648336 1.708305760361221 874947.9435823238
287 1.708305760361221 1.6913918419418033 1005300.3223868709
288 1.6913918419418033 1.6746453880611911 1044653.4985814728
289 1.6746453880611911 1.6580647406546447 991605.4058127276
290 1.6580647406546447 1.6416482580739058 967202.9811826169
291 1.6416482580739058 1.625394314924659 925474.7344621089
292 1.625394314924659 1.609301301905603 870862.374731026
293 1.609301301905603 1.5933676256491118 807301.6530107561
294 1.5933676256491118 1.577591708563477 721639.5824576949
295 1.577591708563477 1.56197198867671 647422.694113636
296 1.56197198867671 1.5465069194818912 560794.9240146255
297 1.5465069194818912 1.5311949697840506 475886.8896436008
298 1.5311949697840506 1.516034623548565 406719.41697110754
299 1.516034623548565 1.5010243797510545 355612.50571429165
300 1.5010243797510545 1.4861627522287668 306124.83104168955
301 1.4861627522287668 1.4714482695334326 268664.0641964997
302 1.4714482695334326 1.4568794747855767 244650.30455561023
303 1.4568794747855767 1.442454925530274 210960.30483931454
304 1.442454925530274 1.4281731935943307 170298.09214578493
305 1.4281731935943307 1.4140328649448817 158298.46652389102
306 1.4140328649448817 1.400032539549388 180056.96239200636
307 1.400032539549388 1.3861708312370178 190643.64801939958
308 1.3861708312370178 1.3724463675614038 174963.77813911726
309 1.3724463675614038 1.358857789664756 167600.22663182893
310 1.358857789664756 1.345403752143323 176489.1509113303
311 1.345403752143323 1.3320829229141813 224975.57785513424
312 1.3320829229141813 1.3188939830833477 417447.57596892497
313 1.3188939830833477 1.3058356268151958 479626.338427847
314 1.3058356268151958 1.2929065612031638 512309.5456607331
315 1.2929065612031638 1.2801055061417466 510636.56806834275
316 1.2801055061417466 1.267431194199749 522409.1802440414
317 1.267431194199749 1.2548823704948011 515879.2915795402
318 1.2548823704948011 1.2424577925691098 480336.3076810164
319 1.2424577925691098 1.2301562302664457 427999.058354527
320 1.2301562302664457 1.2179764656103422 379097.83548803325
321 1.2179764656103422 1.2059172926835073 334139.44841867156
322 1.2059172926835073 1.1939775175084228 295479.4189283312
323 1.1939775175084228 1.1821559579291314 250584.3841969704
324 1.1821559579291314 1.1704514434941897 219577.5004355632
325 1.1704514434941897 1.1588628153407816 200275.02805752272
326 1.1588628153407816 1.1473889260799819 194726.99245275464
327 1.1473889260799819 1.1360286396831505 180064.4437563498
328 1.1360286396831505 1.124780831369456 171888.45835087888
329 1.124780831369456 1.113644387494511 170023.6526400899
330 1.113644387494511 1.1026182054401097 181483.6788121665
331 1.1026182054401097 1.0917011935050591 196274.28731056838
332 1.0917011935050591 1.0808922707970885 286231.33566429105
333 1.0808922707970885 1.0701903671258302 303151.09457785287
334 1.0701903671258302 1.0595944228968615 284962.07886753284
335 1.0595944228968615 1.0491033890067936 263436.5785482218
336 1.0491033890067936 1.0387162267393995 239714.70991475997
337 1.0387162267393995 1.028431907662772 215554.74274426186
338 1.028431907662772 1.0182494135274969 186995.5873499706
339 1.0182494135274969 1.0081677361658383 162604.72696547673
340 1.0081677361658383 0.9981858773919191 138666.9473102341
341 0.9981858773919191 0.9883028489028902 118904.46103954874
342 0.9883028489028902 0.9785176721810795 100360.16372476565
343 0.9785176721810795 0.9688293783971084 88671.5420126353
344 0.9688293783971084 0.9592370083139687 80977.39775311344
345 0.9592370083139687 0.9497396121920483 74344.62205539638
346 0.9497396121920483 0.9403362496950972 68602.60596969853
347 0.9403362496950972 0.9310259897971259 57457.179331830936
348 0.9310259897971259 0.9218079106902237 63489.64551337997
349 0.9218079106902237 0.9126810996932909 68915.72342601113
350 0.9126810996932909 0.9036446531616741 67201.04900005295
351 0.9036446531616741 0.894697676397697 58686.01607233489
352 0.894697676397697 0.8858392835620764 54532.759237370985
353 0.8858392835620764 0.8770685975862142 51803.058714883235
354 0.8770685975862142 0.8683847500853606 46187.47558988736
355 0.8683847500853606 0.8597868812726344 40990.35032644778
356 0.8597868812726344 0.8512741398738952 36134.34478594226
357 0.8512741398738952 0.8428456830434606 31447.151364082267
358 0.8428456830434606 0.834500676280654 27272.931686208332
359 0.834500676280654 0.8262382933471824 23906.456443690106
360 0.8262382933471824 0.8180577161853291 20569.12657810865
361 0.8180577161853291 0.8099581348369594 17104.637035473883
362 0.8099581348369594 0.8019387473633263 14833.626088321213
363 0.8019387473633263 0.7939987597656695 11779.998293690393
364 0.7939987597656695 0.7861373859066034 8421.51066116252
365 0.7861373859066034 0.7783538474322808 5171.382744752354
366 0.7783538474322808 0.7706473736953273 1559.4371993934535
367 0.7706473736953273 0.763017201678542 51.277553280023625
368 0.763017201678542 0.7554625759193484 1390.699414068751
369 0.7554625759193484 0.7479827484349985 2585.3705377116553
370 0.7479827484349985 0.7405769786485132 3685.821837474984
371 0.7405769786485132 0.7332445333153597 4328.093801237507
372 0.7332445333153597 0.7259846864508511 4557.151418160443
373 0.7259846864508511 0.7187967192582685 4598.116613723625
374 0.7187967192582685 0.7116799200576917 4431.578419251133
375 0.7116799200576917 0.7046335842155362 4242.79745226581
376 0.7046335842155362 0.6976570140747883 3835.272908942784
377 0.6976570140747883 0.6907495188859292 3508.993826265387
378 0.6907495188859292 0.6839104147385437 3536.139706278137
379 0.6839104147385437 0.6771390244936076 3335.690586564522
380 0.6771390244936076 0.6704346777164433 2924.289348833446
381 0.6704346777164433 0.6637967106103398 2452.9610263719824
382 0.6637967106103398 0.6572244659508314 2024.7680855272092
383 0.6572244659508314 0.6507172930206251 1621.8238416232389
384 0.6507172930206251 0.6442745475451734 1280.9103117422376
385 0.6442745475451734 0.6378955916288845 987.2112623878074
386 0.6378955916288845 0.6315797936919649 710.9970105434014
387 0.6315797936919649 0.625326528407886 489.4264299428776
388 0.625326528407886 0.6191351766414713 313.58167603477034
389 0.6191351766414713 0.6130051253875953 179.6068974906816
390 0.6130051253875953 0.6069357677104904 88.51579901653751
391 0.6069357677104904 0.6009265026836539 33.171823406234125
392 0.6009265026836539 0.5949767353303502 9.535445398867884
393 0.5949767353303502 0.5890858765647032 0.4440545921224461
394 0.5890858765647032 0.5832533431333695 0.22717177894053586
395 0.5832533431333695 0.5774785575577916 2.3857504812661308
396 0.5774785575577916 0.5717609480770215 7.423480416697985
397 0.5717609480770215 0.5660999485911103 15.309209750065216
398 0.5660999485911103 0.5604949986050597 22.65347408796739
399 0.5604949986050597 0.5549455431733264 32.52170743003209
400 0.5549455431733264 0.5494510328448777 41.86241340887141
401 0.5494510328448777 0.5440109236087899 51.82816982369398
402 0.5440109236087899 0.538624676840386 60.04194371773311
403 0.538624676840386 0.533291759247907 66.52959521386737
404 0.533291759247907 0.5280116428197099 70.78215582376491
405 0.5280116428197099 0.5227838047719899 70.83134745272034
406 0.5227838047719899 0.5176077274970198 69.15067112746473
407 0.5176077274970198 0.5124828985119008 70.76472274363461
408 0.5124828985119008 0.5074088104078225 87.71527470129818
409 0.5074088104078225 0.5023849607998243 124.14510940384459
410 0.5023849607998243 0.4974108522770538 160.8239862646118
411 0.4974108522770538 0.4924859923535185 155.3489066547837
412 0.4924859923535185 0.4876098934193253 140.94843801170808
413 0.4876098934193253 0.4827820726924013 126.23191831909566
414 0.4827820726924013 0.4780020521706943 113.3449802364874
415 0.4780020521706943 0.4732693585848458 101.38998668924403
416 0.4732693585848458 0.4685835233513326 90.62380933095193
417 0.4685835233513326 0.4639440825260718 79.76154180698933
418 0.4639440825260718 0.4593505767584869 71.75051782908308
419 0.4593505767584869 0.45480255124602664 63.58855294724612
420 0.45480255124602664 0.45029955568913527 56.05002279616869
421 0.45029955568913527 0.44584114424666854 48.5029231819515
422 0.44584114424666854 0.441426875491751 43.31917807128633
423 0.441426875491751 0.4370563123680703 37.292764752308926
424 0.4370563123680703 0.43272902214660425 32.7024890289689
425 0.43272902214660425 0.4284445763827765 27.744160469394284
426 0.4284445763827765 0.4242025508740362 23.372727300400708
427 0.4242025508740362 0.4200025256178575 18.98387509594704
428 0.4200025256178575 0.415844084770156 14.5940365360341
429 0.415844084770156 0.41172681660411475 9.979648981394527
430 0.41172681660411475 0.4076503134694206 5.219133690745474
431 0.4076503134694206 0.4036141717519016 1.0465507869852364
432 0.4036141717519016 0.3996179918335659 2.164684119269005
433 0.3996179918335659 0.3956613780530356 3.9764833609736727
434 0.3956613780530356 0.3917439386663718 4.658582845364457
435 0.3917439386663718 0.387865285808289 4.699767307157644
436 0.387865285808289 0.38402503545375144 4.3647886845129955
437 0.38402503545375144 0.3802228073799519 3.8467716105722327
438 0.3802228073799519 0.3764582251286653 3.2431717153803894
439 0.3764582251286653 0.37273091596897556 2.6461003824673295
440 0.37273091596897556 0.3690405108603718 2.0950746315257587
441 0.3690405108603718 0.36538664441620966 1.60352077240386
442 0.36538664441620966 0.36176895486753435 1.1907194040465399
443 0.36176895486753435 0.3581870840272617 0.8578956118623217
444 0.3581870840272617 0.35464067725471454 0.5978919088807878
445 0.35464067725471454 0.3511293834205094 0.3988444504840425
446 0.3511293834205094 0.34765285487179154 0.2436122968579624
447 0.34765285487179154 0.34421074739781343 0.07715111510477433
448 0.34421074739781343 0.34080272019585484 0.07466703608201426
449 0.34080272019585484 0.33742843583748006 0.05406183725598045
450 0.33742843583748006 0.33408756023512876 0.0226331939920075
451 0.33408756023512876 0.3307797626090384 0.005854136801265934
452 0.3307797626090384 0.32750471545449344 0.0025348600633460887
453 0.32750471545449344 0.32426209450939947 0.008415022304099249
454 0.32426209450939947 0.32105157872217766 0.009795586000185475
455 0.32105157872217766 0.3178728502199779 0.015845725741494968
456 0.3178728502199779 0.31472559427720587 0.017586251253319713
457 0.31472559427720587 0.31160949928436216 0.015855044532630275
458 0.31160949928436216 0.30852425671719025 0.006767920707802251
459 0.30852425671719025 0.305469561106129 0.011153412602035253
460 0.305469561106129 0.30244511000606833 0.00466866046573063
461 0.30244511000606833 0.29945060396640427 0.004655995673872727
462 0.29945060396640427 0.29648574650139037 0.0018911516379018821
463 0.29648574650139037 0.2935502440607825 0.0006663527214149895
464 0.2935502440607825 0.29064380600077483 0.00011769369681545314
465 0.29064380600077483 0.2877661445552226 0.00042509156898102603
466 0.2877661445552226 0.2849169748071511 0.0001137086636662341
467 0.2849169748071511 0.2820960146605456 0.00018682434244166285
468 0.2820960146605456 0.27930298481242144 0.0004800436526628669
469 0.27930298481242144 0.2765376087251697 92.79200471367541
470 0.2765376087251697 0.27379961259917796 183.0401695799032
471 0.27379961259917796 0.27108872534572076 97.84881339870984
472 0.27108872534572076 0.26840467856011957 34.83678651847636
473 0.26840467856011957 0.2657472064951679 55.11173965224013
474 0.2657472064951679 0.2631160460348197 21.878087302669027
475 0.2631160460348197 0.26051093666813835 15.646198982330267
476 0.26051093666813835 0.25793162046350326 193.93969088093178
477 0.25793162046350326 0.25537784204307257 200.36371123626674
478 0.25537784204307257 0.2528493485574976 55.29504433698043
479 0.2528493485574976 0.25034588966088867 75.21208479395723
480 0.25034588966088867 0.24786721748602838 53.902745145280136
481 0.24786721748602838 0.24541308661983008 19.34827493745475
482 0.24541308661983008 0.24298325407903973 105.71919575437661
483 0.24298325407903973 0.24057747928617793 146.79589640225416
484 0.24057747928617793 0.2381955240457207 131.3335496874637
485 0.2381955240457207 0.23583715252051554 484.7089895340085
486 0.23583715252051554 0.23350213120843125 211.53165306378042
487 0.23350213120843125 0.23119022891923888 35.71821098082576
488 0.23119022891923888 0.22890121675172165 234.71759847277863
489 0.22890121675172165 0.22663486807101155 1611.2874876431194
490 0.22663486807101155 0.22439095848615 2187.64480824823
491 0.22439095848615 0.22216926582787133 352.8009380256357
492 0.22216926582787133 0.21996957012660528 165.13781528023168
493 0.21996957012660528 0.2177916535906983 2724.1933181503186
494 0.2177916535906983 0.21563530058484978 1745.9821742964123
495 0.21563530058484978 0.21350029760876219 1257.4113055914158
496 0.21350029760876219 0.21138643327600218 957.2577398524104
497 0.21138643327600218 0.20929349829307142 2055.6421045505103
498 0.20929349829307142 0.2072212854386846 1518.4970300815135
499 0.2072212854386846 0.20516958954325207 1532.466007870503
500 0.20516958954325207 0.20313820746856645 1265.5891195004851
501 0.20313820746856645 0.20112693808768956 1151.0350079264986
502 0.20112693808768956 0.19913558226503916 586.1560701937625
