503
0 29.702970297029708 29.40888148220763 8281.772596989269
1 29.40888148220763 29.11770443782934 8421.339514895297
2 29.11770443782934 28.829410334484493 9109.214407740787
3 28.829410334484493 28.54397062820247 8823.517313214075
4 28.54397062820247 28.261357057626206 7710.385869873905
5 28.261357057626206 27.98154164121406 8492.04128303649
6 27.98154164121406 27.704496674469365 9952.601626663229
7 27.704496674469365 27.430194727197396 11070.639434521336
8 27.430194727197396 27.158608640789495 11521.479299046698
9 27.158608640789495 26.889711525534153 10733.242352051586
10 26.889711525534153 26.623476757954606 10240.161727878427
11 26.623476757954606 26.35987797817288 11292.721274007123
12 26.35987797817288 26.098889087299877 11690.559847729593
13 26.098889087299877 25.840484244851364 12006.710760256008
14 25.840484244851364 25.58463786618947 12993.990287723745
15 25.58463786618947 25.331324619989573 12208.019281710544
16 25.331324619989573 25.080519425732252 11878.410236273552
17 25.080519425732252 24.83219745122005 13346.312866540722
18 24.83219745122005 24.58633411011886 13792.255168591495
19 24.58633411011886 24.34290505952362 14695.416839449426
20 24.34290505952362 24.10188619754814 15214.469946930813
21 24.10188619754814 23.863253660938756 14775.591791149833
22 23.863253660938756 23.626983822711637 13900.514539197511
23 23.626983822711637 23.3930532898135 15708.937702671066
24 23.3930532898135 23.161438900805447 17039.751403627215
25 23.161438900805447 22.93211772356975 17147.957530719927
26 22.93211772356975 22.705067053039354 17430.311095456516
27 22.705067053039354 22.480264408949857 17752.54275024093
28 22.480264408949857 22.25768753361372 17735.83635463196
29 22.25768753361372 22.037314389716556 18381.459811307006
30 22.037314389716556 21.819123158135202 17875.659792956983
31 21.819123158135202 21.603092235777428 18456.79889961312
32 21.603092235777428 21.389200233442995 20690.66164347568
33 21.389200233442995 21.177425973705937 19036.378580043955
34 21.177425973705937 20.96774848881776 19771.659006331924
35 20.96774848881776 20.760147018631447 22465.430798099813
36 20.760147018631447 20.554601008545987 23393.609879879856
37 20.554601008545987 20.351090107471272 22078.89673674579
38 20.351090107471272 20.149594165813145 22371.80827194523
39 20.149594165813145 19.95009323347836 25201.063757413805
40 19.95009323347836 19.752567557899365 25402.727224981933
41 19.752567557899365 19.55699758207858 26417.373035448636
42 19.55699758207858 19.363363942652057 26114.203664731504
43 19.363363942652057 19.171647467972335 26416.66161798959
44 19.171647467972335 18.981829176210233 29465.702823376363
45 18.981829176210233 18.79389027347548 31385.316449110884
46 18.79389027347548 18.607812151955923 30172.96798794357
47 18.607812151955923 18.42357638807517 30838.717013691366
48 18.42357638807517 18.241164740668488 32749.877945893768
49 18.241164740668488 18.06055914917672 32760.399415889126
50 18.06055914917672 17.88174173185814 34676.219168220705
51 17.88174173185814 17.704694784017956 34936.37483501119
52 17.704694784017956 17.529400776255404 37125.147441143374
53 17.529400776255404 17.355842352728125 36161.06751259954
54 17.355842352728125 17.18400232943379 37604.98547963758
55 17.18400232943379 17.0138636925087 40007.89253324321
56 17.0138636925087 16.84540959654327 41812.264177698096
57 16.84540959654327 16.678623362914127 43870.684554055435
58 16.678623362914127 16.5134884781328 41788.81623200917
59 16.5134884781328 16.349988592210693 43957.088199620746
60 16.349988592210693 16.18810751704029 44960.10308375568
61 16.18810751704029 16.027829224792367 46368.29933375625
62 16.027829224792367 15.869137846329076 49693.222403534055
63 15.869137846329076 15.712017669632747 47690.166648769904
64 15.712017669632747 15.556453138250246 49885.940875993896
65 15.556453138250246 15.402428849752717 50075.048475456155
66 15.402428849752717 15.24992955421061 53981.825705178795
67 15.24992955421061 15.098940152683772 54066.43508919677
68 15.098940152683772 14.949445695726508 56611.293460187415
69 14.949445695726508 14.801431381907433 55119.18994877524
70 14.801431381907433 14.654882556343996 59049.95544226953
71 14.654882556343996 14.509784709251477 60487.63280209816
72 14.509784709251477 14.366123474506413 61242.650883031696
73 14.366123474506413 14.223884628224173 65312.84863536113
74 14.223884628224173 14.083054087350666 65513.24235441945
75 14.083054087350666 13.943617908267983 65737.1611442195
76 13.943617908267983 13.805562285413846 67049.54173701702
77 13.805562285413846 13.668873549914698 73391.81970717077
78 13.668873549914698 13.533538168232376 75267.7924503568
79 13.533538168232376 13.399542740824135 78667.50845621714
80 13.399542740824135 13.266874000815976 80143.87313229693
81 13.266874000815976 13.135518812689085 85215.62969708497
82 13.135518812689085 13.005464170979291 86807.37160936338
83 13.005464170979291 12.8766971989894 90182.30223268946
84 12.8766971989894 12.749205147514257 91274.97934529617
85 12.749205147514257 12.622975393578471 96194.32097009842
86 12.622975393578471 12.497995439186605 97703.25385107353
87 12.497995439186605 12.374252910085747 99962.58179293916
88 12.374252910085747 12.251735554540343 105103.46810854223
89 12.251735554540343 12.130431242119151 111463.03516505244
90 12.130431242119151 12.010327962494209 112723.81152937777
91 12.010327962494209 11.891413824251691 116889.47743323992
92 11.891413824251691 11.773677053714547 120401.63706516786
93 11.773677053714547 11.657105993776778 121902.81371545153
94 11.657105993776778 11.541689102749285 125744.05487504075
95 11.541689102749285 11.427414953217115 131813.9292737847
96 11.427414953217115 11.314272230908033 136095.66601958804
97 11.314272230908033 11.202249733572312 135814.10359468468
98 11.202249733572312 11.091336369873574 139647.90820040644
99 11.091336369873574 10.981521158290668 139039.38753773476
100 10.981521158290668 10.872793226030364 141822.176797332
101 10.872793226030364 10.765141807950855 148113.25402742048
102 10.765141807950855 10.658556245495896 146264.5339116591
103 10.658556245495896 10.5530259856395 148196.6505703043
104 10.5530259856395 10.44854057984109 149871.74082706514
105 10.44854057984109 10.34508968301098 155656.9779623668
106 10.34508968301098 10.24266305248612 171729.62053349425
107 10.24266305248612 10.141250547015959 181313.2630854239
108 10.141250547015959 10.040842125758378 185768.21261230516
109 10.040842125758378 9.94142784728552 191849.63523038194
110 9.94142784728552 9.842997868599525 195424.95512690942
111 9.842997868599525 9.745542444157948 202338.9749942668
112 9.745542444157948 9.649051924908859 206224.3273587089
113 9.649051924908859 9.553516757335505 208387.28171620355
114 9.553516757335505 9.4589274825104 215388.58535286164
115 9.4589274825104 9.365274735158813 214603.40354392203
116 9.365274735158813 9.272549242731497 224637.42899928306
117 9.272549242731497 9.180741824486631 223958.38300934632
118 9.180741824486631 9.089843390580823 227447.3027747274
119 9.089843390580823 8.99984494116913 233195.74623535987
120 8.99984494116913 8.91073756551399 232597.22231251217
121 8.91073756551399 8.82251244110296 242634.84012114847
122 8.82251244110296 8.735160832775207 242222.31718832027
123 8.735160832775207 8.648674091856641 243533.4617734341
124 8.648674091856641 8.563043655303604 248402.3173409106
125 8.563043655303604 8.478261044855055 243224.09224040795
126 8.478261044855055 8.394317866193123 263355.83369581675
127 8.394317866193123 8.311205808112003 244039.12980251515
128 8.311205808112003 8.228916641695053 265997.4251660134
129 8.228916641695053 8.147442219500052 258361.6427118084
130 8.147442219500052 8.066774474752528 263457.73163845105
131 8.066774474752528 7.986905420547056 259886.2568885436
132 7.986905420547056 7.907827149056491 262931.6674225766
133 7.907827149056491 7.8295318307490005 265067.6998256546
134 7.8295318307490005 7.752011713612872 275639.3746670826
135 7.752011713612872 7.675259122388984 281071.2433644014
136 7.675259122388984 7.599266457810875 278981.11371205305
137 7.599266457810875 7.52402619585235 275490.4593052697
138 7.52402619585235 7.449530886982525 301056.75470128667
139 7.449530886982525 7.375773155428244 287930.1344224292
140 7.375773155428244 7.302745698443805 302419.7085118392
141 7.302745698443805 7.230441285587926 290918.9060011172
142 7.230441285587926 7.158852758007847 310281.63695733954
143 7.158852758007847 7.087973027730542 294081.26118258416
144 7.087973027730542 7.017795076960932 292290.55192095187
145 7.017795076960932 6.9483119573870615 308325.1611729045
146 6.9483119573870615 6.879516789492142 325844.11960233655
147 6.879516789492142 6.811402761873407 292911.92491905676
148 6.811402761873407 6.743963130567731 323617.6260419076
149 6.743963130567731 6.677191218383892 329505.3999189327
150 6.677191218383892 6.611080414241477 327947.4031571164
151 6.611080414241477 6.545624172516314 313800.2545558722
152 6.545624172516314 6.480816012392389 334723.63119907666
153 6.480816012392389 6.416649517220188 386555.50067459815
154 6.416649517220188 6.353118333881374 453802.4109995877
155 6.353118333881374 6.290216172159776 465051.73507942987
156 6.290216172159776 6.227936804118591 464359.8189986356
157 6.227936804118591 6.166274063483753 450649.7043287432
158 6.166274063483753 6.1052218450334195 488877.5184219665
159 6.1052218450334195 6.0447741039934835 481588.8205735651
160 6.0447741039934835 5.984924855439092 481146.0081510284
161 5.984924855439092 5.925668173702072 473021.63154571125
162 5.925668173702072 5.86699819178423 472082.60315289604
163 5.86699819178423 5.808909100776465 481615.09937179723
164 5.808909100776465 5.751395149283629 500611.5209146763
165 5.751395149283629 5.694450642855078 484574.53701337415
166 5.694450642855078 5.638069943420869 492884.2443709233
167 5.638069943420869 5.5822474687335335 537018.4872463724
168 5.5822474687335335 5.526977691815381 518672.3320070187
169 5.526977691815381 5.472255140411267 555713.2332193298
170 5.472255140411267 5.4180743964468 566451.9378359902
171 5.4180743964468 5.36443009549188 594084.2088595469
172 5.36443009549188 5.311316926229584 624792.8175784813
173 5.311316926229584 5.258729629930281 648931.7152086283
174 5.258729629930281 5.206662999930972 650254.3416196017
175 5.206662999930972 5.155111881119774 658706.4372130174
176 5.155111881119774 5.104071169425519 676083.7666341718
177 5.104071169425519 5.053535811312395 664735.4583293729
178 5.053535811312395 5.003500803279599 617753.7994481033
179 5.003500803279599 4.95396119136594 584047.449247204
180 4.95396119136594 4.904912070659346 509675.3632520753
181 4.904912070659346 4.856348584811234 496808.9727105709
182 4.856348584811234 4.808265925555677 475369.66821666324
183 4.808265925555677 4.760659332233344 452889.94594586117
184 4.760659332233344 4.713524091320142 491654.64167098707
185 4.713524091320142 4.666855535960537 617164.235972012
186 4.666855535960537 4.620649045505483 636366.666578493
187 4.620649045505483 4.5749000450549335 426881.1045773568
188 4.5749000450549335 4.5296040050048845 389577.37479571014
189 4.5296040050048845 4.484756440598896 418474.02054408466
190 4.484756440598896 4.440352911484055 477138.7593678898
191 4.440352911484055 4.396389021271342 498566.191166969
192 4.396389021271342 4.352860417100338 519303.60954432574
193 4.352860417100338 4.309762789208256 509323.9384326702
194 4.309762789208256 4.267091870503223 565295.0788580341
195 4.267091870503223 4.224843436141805 666427.1380729799
196 4.224843436141805 4.183013303110699 951085.9606248983
197 4.183013303110699 4.141597329812574 1119533.870928238
198 4.141597329812574 4.100591415656013 1155374.448309545
199 4.100591415656013 4.059991500649518 1178395.8218643009
200 4.059991500649518 4.019793564999523 1207149.1115092584
201 4.019793564999523 3.979993628712399 1225755.9563189414
202 3.979993628712399 3.940587751200395 1242345.5514296684
203 3.940587751200395 3.9015720308914803 1255093.1648093057
204 3.9015720308914803 3.8629426048430493 1255971.5446965094
205 3.8629426048430493 3.824695648359455 1273963.997794755
206 3.824695648359455 3.7868273746133223 1275480.6304467146
207 3.7868273746133223 3.7493340342706154 1271308.971378582
208 3.7493340342706154 3.712211915119422 1265237.610363169
209 3.712211915119422 3.6754573417023977 1252232.7708874347
210 3.6754573417023977 3.639066674952869 1231220.8441812792
211 3.639066674952869 3.603036311834524 1217916.9902278387
212 3.603036311834524 3.5673626849846767 1201725.0045792176
213 3.5673626849846767 3.5320422623610663 1190656.6094465994
214 3.5320422623610663 3.497071546892145 1177041.8226342471
215 3.497071546892145 3.4624470761308364 1188034.419335704
216 3.4624470761308364 3.4281654219117192 1186371.5773211978
217 3.4281654219117192 3.3942231900116036 1156684.25437798
218 3.3942231900116036 3.3606170198134686 1134819.4509807292
219 3.3606170198134686 3.327343583973732 870897.7749895891
220 3.327343583973732 3.294399588092804 1188486.7420620949
221 3.294399588092804 3.2617817703889145 1195074.4249697027
222 3.2617817703889145 3.229486901375163 1142452.7595222786
223 3.229486901375163 3.197511783539765 1098398.2160281844
224 3.197511783539765 3.1658532510294703 1096929.544126427
225 3.1658532510294703 3.1345081693361094 1112046.081918008
226 3.1345081693361094 3.1034734349862467 1102923.6029647472
227 3.1034734349862467 3.0727459752339077 1114296.215383928
228 3.0727459752339077 3.042322747756344 1085499.219170776
229 3.042322747756344 3.0122007403528164 1038058.4174837187
230 3.0122007403528164 2.9823769706463525 977090.6816361152
231 2.9823769706463525 2.9528484857884685 985047.0374086911
232 2.9528484857884685 2.9236123621668004 1010639.1462754091
233 2.9236123621668004 2.8946657051156435 1003879.1626733808
234 2.8946657051156435 2.8660056486293506 1013947.4615426888
235 2.8660056486293506 2.8376293550785654 964232.0363973966
236 2.8376293550785654 2.809534014929272 1005379.3997154636
237 2.809534014929272 2.781716846464626 908058.6411491917
238 2.781716846464626 2.7541750955095305 922082.5942521713
239 2.7541750955095305 2.7269060351579513 963752.4624110145
240 2.7269060351579513 2.6999069655029224 818409.3660496064
241 2.6999069655029224 2.67317521336923 932190.8468240304
242 2.67317521336923 2.6467081320487424 1125306.6104149458
243 2.6467081320487424 2.620503101038359 1142566.4753914042
244 2.620503101038359 2.5945575257805533 1057188.3873095529
245 2.5945575257805533 2.5688688374064887 1047785.8338362173
246 2.5688688374064887 2.543434492481672 937533.7964483944
247 2.543434492481672 2.5182519727541304 1004049.1822861017
248 2.5182519727541304 2.493318784905079 1182303.842078605
249 2.493318784905079 2.4686324603020586 1248304.4961662334
250 2.4686324603020586 2.4441905547545137 1314975.6409374312
251 2.4441905547545137 2.4199906482717957 1360572.2228101909
252 2.4199906482717957 2.39603034482356 1369868.2429906204
253 2.39603034482356 2.372307272102535 1347302.5537833062
254 2.372307272102535 2.3488190812896383 1337955.2648962338
255 2.3488190812896383 2.325563446821424 1319806.0950846886
256 2.325563446821424 2.302538066159826 1272217.281065434
257 2.302538066159826 2.279740659564184 1409003.7320835572
258 2.279740659564184 2.257168969865529 1427864.8328555392
259 2.257168969865529 2.234820762243098 1467443.3422187997
260 2.234820762243098 2.212693824003067 1470991.9532097508
261 2.212693824003067 2.1907859643594723 1490951.9356481016
262 2.1907859643594723 2.1690950142172993 1511608.3738752818
263 2.1690950142172993 2.1476188259577222 1532847.3819325725
264 2.1476188259577222 2.126355273225467 1511086.4724177718
265 2.126355273225467 2.1053022507182844 1474919.2265265423
266 2.1053022507182844 2.0844576739784992 1384984.0976493421
267 2.0844576739784992 2.063819479186633 1356029.3682677844
268 2.063819479186633 2.043385622957062 1280346.6842380187
269 2.043385622957062 2.0231540821357052 1222118.5091019897
270 2.0231540821357052 2.0031228535997085 1165316.5982251326
271 2.0031228535997085 1.9832899540591173 1125031.5512479413
272 1.9832899540591173 1.963653419860512 1106633.330209408
273 1.963653419860512 1.9442113067925864 1066296.3343333404
274 1.9442113067925864 1.92496168989365 1067578.2256722741
275 1.92496168989365 1.9059026632610394 1111492.1600740936
276 1.9059026632610394 1.8870323398624154 1082008.0224236224
277 1.8870323398624154 1.8683488513489264 1035596.1702498326
278 1.8683488513489264 1.8498503478702242 1008860.704530692
279 1.8498503478702242 1.831534997891311 1021778.6889569013
280 1.831534997891311 1.813400988011199 1056573.6824882813
281 1.813400988011199 1.7954465227833656 1033659.8029711986
282 1.7954465227833656 1.7776698245379856 1052461.7942419641
283 1.7776698245379856 1.7600691332059264 1122985.1375261927
284 1.7600691332059264 1.7426427061444816 1142594.1974965436
285 1.7426427061444816 1.7253888179648336 1174287.332548773
286 1.7253888179648336 1.708305760361221 1259859.9155421697
287 1.708305760361221 1.6913918419418033 1287814.533951698
288 1.6913918419418033 1.6746453880611911 1279067.082484784
289 1.6746453880611911 1.6580647406546447 1243581.472241471
290 1.6580647406546447 1.6416482580739058 1198873.3282035862
291 1.6416482580739058 1.625394314924659 1144486.3187821961
292 1.625394314924659 1.609301301905603 1092949.280280216
293 1.609301301905603 1.5933676256491118 1043827.819874126
294 1.5933676256491118 1.577591708563477 959847.856281896
295 1.577591708563477 1.56197198867671 904061.2352267557
296 1.56197198867671 1.5465069194818912 830193.3664295339
297 1.5465069194818912 1.5311949697840506 773184.363939275
298 1.5311949697840506 1.516034623548565 725236.4713859146
299 1.516034623548565 1.5010243797510545 696899.6874381453
300 1.5010243797510545 1.4861627522287668 657786.9552116365
301 1.4861627522287668 1.4714482695334326 621296.5039321453
302 1.4714482695334326 1.4568794747855767 597815.5085371356
303 1.4568794747855767 1.442454925530274 587074.3026181314
304 1.442454925530274 1.4281731935943307 532190.8338873496
305 1.4281731935943307 1.4140328649448817 489075.7046395947
306 1.4140328649448817 1.400032539549388 513189.28805865644
307 1.400032539549388 1.3861708312370178 509478.2944033848
308 1.3861708312370178 1.3724463675614038 478817.332265026
309 1.3724463675614038 1.358857789664756 466898.1500250791
310 1.358857789664756 1.345403752143323 474842.1487297439
311 1.345403752143323 1.3320829229141813 508062.28488426044
312 1.3320829229141813 1.3188939830833477 690136.4673113872
313 1.3188939830833477 1.3058356268151958 728865.3950487454
314 1.3058356268151958 1.2929065612031638 769448.2970752288
315 1.2929065612031638 1.2801055061417466 748015.0540674137
316 1.2801055061417466 1.267431194199749 720739.2925285589
317 1.267431194199749 1.2548823704948011 688445.0669778533
318 1.2548823704948011 1.2424577925691098 647950.5980916999
319 1.2424577925691098 1.2301562302664457 585835.9536307591
320 1.2301562302664457 1.2179764656103422 538697.9525798898
321 1.2179764656103422 1.2059172926835073 491272.470199369
322 1.2059172926835073 1.1939775175084228 451902.2931625523
323 1.1939775175084228 1.1821559579291314 415127.81353956135
324 1.1821559579291314 1.1704514434941897 376818.8257289869
325 1.1704514434941897 1.1588628153407816 351242.6344049111
326 1.1588628153407816 1.1473889260799819 344661.64144076227
327 1.1473889260799819 1.1360286396831505 331581.97035139636
328 1.1360286396831505 1.124780831369456 333918.2110737941
329 1.124780831369456 1.113644387494511 326239.2486064456
330 1.113644387494511 1.1026182054401097 333006.6706846966
331 1.1026182054401097 1.0917011935050591 357745.46152518346
332 1.0917011935050591 1.0808922707970885 627699.817096151
333 1.0808922707970885 1.0701903671258302 645690.1576135663
334 1.0701903671258302 1.0595944228968615 605964.1080671895
335 1.0595944228968615 1.0491033890067936 529701.5488710582
336 1.0491033890067936 1.0387162267393995 429871.73168933054
337 1.0387162267393995 1.028431907662772 382264.32709544053
338 1.028431907662772 1.0182494135274969 324003.69692902075
339 1.0182494135274969 1.0081677361658383 286795.17190778075
340 1.0081677361658383 0.9981858773919191 250419.78088076375
341 0.9981858773919191 0.9883028489028902 210553.67020813006
342 0.9883028489028902 0.9785176721810795 182270.5885532041
343 0.9785176721810795 0.9688293783971084 176460.0937017361
344 0.9688293783971084 0.9592370083139687 172727.4249823176
345 0.9592370083139687 0.9497396121920483 158112.55777440593
346 0.9497396121920483 0.9403362496950972 141942.264046934
347 0.9403362496950972 0.9310259897971259 138792.93012044954
348 0.9310259897971259 0.9218079106902237 246949.1312737703
349 0.9218079106902237 0.9126810996932909 287126.29008073354
350 0.9126810996932909 0.9036446531616741 417730.98736850824
351 0.9036446531616741 0.894697676397697 361286.8401553641
352 0.894697676397697 0.8858392835620764 623202.5067969415
353 0.8858392835620764 0.8770685975862142 696749.3210442457
354 0.8770685975862142 0.8683847500853606 679772.7853140496
355 0.8683847500853606 0.8597868812726344 541243.8681846237
356 0.8597868812726344 0.8512741398738952 393950.2768638875
357 0.8512741398738952 0.8428456830434606 347784.1299941424
358 0.8428456830434606 0.834500676280654 316964.3414319402
359 0.834500676280654 0.8262382933471824 325528.86913455895
360 0.8262382933471824 0.8180577161853291 316298.3910773198
361 0.8180577161853291 0.8099581348369594 231624.0257720656
362 0.8099581348369594 0.8019387473633263 894623.8117289416
363 0.8019387473633263 0.7939987597656695 1259210.6720942687
364 0.7939987597656695 0.7861373859066034 1373077.7426459542
365 0.7861373859066034 0.7783538474322808 1166970.9630061267
366 0.7783538474322808 0.7706473736953273 1183805.5788379014
367 0.7706473736953273 0.763017201678542 969655.6991906991
368 0.763017201678542 0.7554625759193484 690897.9273614575
369 0.7554625759193484 0.7479827484349985 451794.6607925046
370 0.7479827484349985 0.7405769786485132 541658.6093657854
371 0.7405769786485132 0.7332445333153597 532157.1557462055
372 0.7332445333153597 0.7259846864508511 453023.87665654835
373 0.7259846864508511 0.7187967192582685 284061.8193154024
374 0.7187967192582685 0.7116799200576917 1044103.0511233677
375 0.7116799200576917 0.7046335842155362 2092114.519692159
376 0.7046335842155362 0.6976570140747883 2558931.7682331507
377 0.6976570140747883 0.6907495188859292 2699735.604105513
378 0.6907495188859292 0.6839104147385437 4762667.956443684
379 0.6839104147385437 0.6771390244936076 4276473.771494112
380 0.6771390244936076 0.6704346777164433 4284017.2178154895
381 0.6704346777164433 0.6637967106103398 4571031.06143793
382 0.6637967106103398 0.6572244659508314 4587567.380407749
383 0.6572244659508314 0.6507172930206251 3996777.939662975
384 0.6507172930206251 0.6442745475451734 4729805.612168273
385 0.6442745475451734 0.6378955916288845 6067531.408269076
386 0.6378955916288845 0.6315797936919649 6623164.640867022
387 0.6315797936919649 0.625326528407886 6245143.295511154
388 0.625326528407886 0.6191351766414713 6305372.328585363
389 0.6191351766414713 0.6130051253875953 7186088.487544806
390 0.6130051253875953 0.6069357677104904 7071068.615263512
391 0.6069357677104904 0.6009265026836539 6196934.570556726
392 0.6009265026836539 0.5949767353303502 5866127.739612588
393 0.5949767353303502 0.5890858765647032 5633235.56497243
394 0.5890858765647032 0.5832533431333695 8961698.993123781
395 0.5832533431333695 0.5774785575577916 9237278.574619178
396 0.5774785575577916 0.5717609480770215 9057091.329502681
397 0.5717609480770215 0.5660999485911103 9049631.791077856
398 0.5660999485911103 0.5604949986050597 9036636.849406179
399 0.5604949986050597 0.5549455431733264 8561208.422374269
400 0.5549455431733264 0.5494510328448777 8022652.589078372
401 0.5494510328448777 0.5440109236087899 7445479.448508801
402 0.5440109236087899 0.538624676840386 7154380.908186743
403 0.538624676840386 0.533291759247907 6938011.928892654
404 0.533291759247907 0.5280116428197099 6478673.745611898
405 0.5280116428197099 0.5227838047719899 5826970.716475432
406 0.5227838047719899 0.5176077274970198 5459749.2989188805
407 0.5176077274970198 0.5124828985119008 4976354.123071528
408 0.5124828985119008 0.5074088104078225 4538515.624947508
409 0.5074088104078225 0.5023849607998243 4046575.337718285
410 0.5023849607998243 0.4974108522770538 3753655.0233332175
411 0.4974108522770538 0.4924859923535185 3188810.4890417363
412 0.4924859923535185 0.4876098934193253 2876774.4109366047
413 0.4876098934193253 0.4827820726924013 2999993.813818181
414 0.4827820726924013 0.4780020521706943 2822522.3702885034
415 0.4780020521706943 0.4732693585848458 3297898.519247373
416 0.4732693585848458 0.4685835233513326 3142065.315469644
417 0.4685835233513326 0.4639440825260718 3160868.740365823
418 0.4639440825260718 0.4593505767584869 2913366.677939612
419 0.4593505767584869 0.45480255124602664 3135882.438682757
420 0.45480255124602664 0.45029955568913527 2157839.747975874
421 0.45029955568913527 0.44584114424666854 2425107.2481664107
422 0.44584114424666854 0.441426875491751 2387429.129385985
423 0.441426875491751 0.4370563123680703 1979678.6619295827
424 0.4370563123680703 0.43272902214660425 1925512.1750226761
425 0.43272902214660425 0.4284445763827765 2939641.921401399
426 0.4284445763827765 0.4242025508740362 2917226.2311306614
427 0.4242025508740362 0.4200025256178575 3139855.7996505247
428 0.4200025256178575 0.415844084770156 3668894.44243038
429 0.415844084770156 0.41172681660411475 3794385.0772975427
430 0.41172681660411475 0.4076503134694206 3923548.741796247
431 0.4076503134694206 0.4036141717519016 3415963.570734008
432 0.4036141717519016 0.3996179918335659 2925434.5613027215
433 0.3996179918335659 0.3956613780530356 3091140.4748977087
434 0.3956613780530356 0.3917439386663718 2119424.9637317243
435 0.3917439386663718 0.387865285808289 915506.0397364732
436 0.387865285808289 0.38402503545375144 272344.33733515476
437 0.38402503545375144 0.3802228073799519 103775.38133679082
438 0.3802228073799519 0.3764582251286653 154404.38530865317
439 0.3764582251286653 0.37273091596897556 541625.9284788193
440 0.37273091596897556 0.3690405108603718 1637839.461476722
441 0.3690405108603718 0.36538664441620966 1856313.3728621604
442 0.36538664441620966 0.36176895486753435 1061487.1249760916
443 0.36176895486753435 0.3581870840272617 569541.5983130449
444 0.3581870840272617 0.35464067725471454 290272.2769020665
445 0.35464067725471454 0.3511293834205094 143042.7500227711
446 0.3511293834205094 0.34765285487179154 123068.49859315851
447 0.34765285487179154 0.34421074739781343 132535.4502260769
448 0.34421074739781343 0.34080272019585484 448657.6219419248
449 0.34080272019585484 0.33742843583748006 356047.8213842846
450 0.33742843583748006 0.33408756023512876 139030.04204193625
451 0.33408756023512876 0.3307797626090384 61676.95056372689
452 0.3307797626090384 0.32750471545449344 30673.294303962193
453 0.32750471545449344 0.32426209450939947 12013.575528088104
454 0.32426209450939947 0.32105157872217766 4662.125177782608
455 0.32105157872217766 0.3178728502199779 1635.2461548404256
456 0.3178728502199779 0.31472559427720587 695.1890410065316
457 0.31472559427720587 0.31160949928436216 101.75990541580182
458 0.31160949928436216 0.30852425671719025 30.802186343032716
459 0.30852425671719025 0.305469561106129 853.596680181668
460 0.305469561106129 0.30244511000606833 1810.8290413993827
461 0.30244511000606833 0.29945060396640427 6032.643023387683
462 0.29945060396640427 0.29648574650139037 1489.3384949150382
463 0.29648574650139037 0.2935502440607825 822.8064286718536
464 0.2935502440607825 0.29064380600077483 448.80321035534195
465 0.29064380600077483 0.2877661445552226 114.8244741112366
466 0.2877661445552226 0.2849169748071511 99.05072580444363
467 0.2849169748071511 0.2820960146605456 17.703579592294236
468 0.2820960146605456 0.27930298481242144 1126.4942938115857
469 0.27930298481242144 0.2765376087251697 1047.5710567270112
470 0.2765376087251697 0.27379961259917796 763.5562515985696
471 0.27379961259917796 0.27108872534572076 389.57643181309606
472 0.27108872534572076 0.26840467856011957 178.5416936463618
473 0.26840467856011957 0.2657472064951679 222.94246446543545
474 0.2657472064951679 0.2631160460348197 142.50226816427468
475 0.2631160460348197 0.26051093666813835 297.58218670323856
476 0.26051093666813835 0.25793162046350326 1084.8270961123496
477 0.25793162046350326 0.25537784204307257 737.8814566669591
478 0.25537784204307257 0.2528493485574976 337.8892091550065
479 0.2528493485574976 0.25034588966088867 460.18961136807036
480 0.25034588966088867 0.24786721748602838 287.37460845733216
481 0.24786721748602838 0.24541308661983008 94.17340396233712
482 0.24541308661983008 0.24298325407903973 653.86437204186
483 0.24298325407903973 0.24057747928617793 700.6643831349836
484 0.24057747928617793 0.2381955240457207 853.9984858149993
485 0.2381955240457207 0.23583715252051554 3298.5804124791625
486 0.23583715252051554 0.23350213120843125 1015.503781476119
487 0.23350213120843125 0.23119022891923888 304.53124116647547
488 0.23119022891923888 0.22890121675172165 1174.8206636533303
489 0.22890121675172165 0.22663486807101155 9805.858187444475
490 0.22663486807101155 0.22439095848615 9148.833635877609
491 0.22439095848615 0.22216926582787133 2168.6759545606938
492 0.22216926582787133 0.21996957012660528 2534.199401066966
493 0.21996957012660528 0.2177916535906983 5414.461914476539
494 0.2177916535906983 0.21563530058484978 5072.091531723771
495 0.21563530058484978 0.21350029760876219 3937.9676278268475
496 0.21350029760876219 0.21138643327600218 3424.9805612196774
497 0.21138643327600218 0.20929349829307142 773.0244668727613
498 0.20929349829307142 0.2072212854386846 431.7435523596288
499 0.2072212854386846 0.20516958954325207 1432.1032909525009
500 0.20516958954325207 0.20313820746856645 363.92800568911616
501 0.20313820746856645 0.20112693808768956 518.2339169335655
502 0.20112693808768956 0.19913558226503916 1.803051822702597e-11
